           5           4
  0.165336178058D-02  0.816354350922D-04  0.877959928895D+00  1  D2INV=      1.0000 SUGGEST=       1.0000
 -0.128181126226D-01  0.204262407014D-01 -0.875096342818D+00  1  D2INV=      1.0000 SUGGEST=       1.0000
  0.752056965282D-02  0.122869917524D+01  0.143657151363D+01  1  D2INV=      1.0000 SUGGEST=       1.0000
 -0.106907565243D+01 -0.619140426592D+00  0.146564305049D+01  1  D2INV=      1.0000 SUGGEST=       1.0000
  0.105130554659D+01 -0.630526681796D+00  0.145022523688D+01  1  D2INV=      1.0000 SUGGEST=       1.0000
 -0.142555855200D+00 -0.639057027582D-01  0.905662647918D+00  1  D2INV=      1.0000 SUGGEST=       1.0000
 -0.122477356638D+01  0.323240819023D+00  0.160302191371D+01  1  D2INV=      1.0000 SUGGEST=       1.0000
  0.119199345579D+01 -0.311678881178D+00  0.156139165733D+01  1  D2INV=      1.0000 SUGGEST=       1.0000
  0.363068990903D-01  0.349515373276D-02 -0.604854224972D+00  1  D2INV=      1.0000 SUGGEST=       1.0000
