     5    4        5    4
         0.0016245603        0.0010421444        0.8778910671    1   1
        -0.0127287739        0.0203542370       -0.8752363613    1   2
         0.0071924400        1.2285816324        1.4365966704    1   3
        -1.0691327746       -0.6191677912        1.4654407352    1   4
         1.0511757263       -0.6306515791        1.4504089764    1   5
  
  
        -0.1125558552       -0.0743642514        0.8992192422    1   1
        -1.2248823504        0.3215887058        1.6024888867    1   2
         1.1928317891       -0.3125607269        1.5600720289    1   3
         0.0367913176        0.0029240321       -0.6056782501    1   4
  
  
