 FLO    Charge     Asymp      E_COUL     E_SIC      EXlocal    EClocal    EXnonl     ECnonl
  1.   1.000000   0.951267  -2.427085  -0.294582  -2.086131  -0.046371   0.000000   0.000000
  2.   1.000000   1.004256  -0.427479  -0.024167  -0.377514  -0.025797   0.000000   0.000000
  3.   1.000000   0.927997  -0.458722  -0.026241  -0.406129  -0.026352   0.000000   0.000000
  4.   1.000000   0.966673  -0.463915  -0.027276  -0.410163  -0.026476   0.000000   0.000000
  5.   1.000000   0.938137  -0.450705  -0.024748  -0.399791  -0.026166   0.000000   0.000000
  1.   0.998838   0.950174  -2.403719  -0.288307  -2.069224  -0.046188   0.000000   0.000000
  2.   0.999989   0.938136  -0.453839  -0.028869  -0.398801  -0.026169   0.000000   0.000000
  3.   0.999991   0.938252  -0.452786  -0.028533  -0.398104  -0.026149   0.000000   0.000000
  4.   1.000000   1.006793  -0.431004  -0.027053  -0.378115  -0.025836   0.000000   0.000000
