           2
   0.0000000000000000        0.0000000000000000       0.91547500000000004     
          21           1
   7.0294657999999996E-002  -1.7251152455552281     
  0.14058931599999999        2.5852741755859348     
  0.28117863199999998       -3.8706175403122782     
  0.56235726399999997        3.0923875800240692     
   1.1247145279999999       -4.6992942402633888     
   2.2494290559999999        1.9730604446533972     
   4.4988581119999997       -3.3913749459582840     
   8.9977162239999995        1.8931339699588414     
   17.995432447999999       -3.1935109149358882     
   35.990864895999998        1.7353303486613096     
   71.981729791999996       -2.2032448812575431     
   143.96345958399999        1.1116914498947685     
   287.92691916799998       -1.4050920545079868     
   575.85383833599997       0.87038529937053644     
   1151.7076766719999      -0.94984023287455210     
   2303.4153533439999       0.66402617960676424     
   4606.8307066879997      -0.66513093575941185     
   9213.6614133759995       0.49124839272878362     
   18427.322826751999      -0.44031565805143863     
   36854.645653503998       0.26590061893499545     
   73709.291307007996      -0.13116131095306302     
  
   0.0000000000000000        0.0000000000000000      -0.91547500000000004     
          12           1
   4.9919669900000005E-002  -1.3281356011831482     
   9.9839339800000010E-002   1.8539870191263597     
  0.19967867960000002       -2.2551580076813944     
  0.39935735920000004        2.1016236394596914     
  0.79871471840000008       -2.1050034910304336     
   1.5974294368000002        1.6531163384565202     
   3.1948588736000003       -1.4996051897518825     
   6.3897177472000006        1.1274046027037952     
   12.779435494400001      -0.85906469843422006     
   25.558870988800003       0.51200182895527113     
   51.117741977600005      -0.23682380867617445     
   102.23548395520001        4.0663027577869264E-002
  
 TO USE THE STARTING POTENTIAL FEATURE, RENAME
 STRTS/STRTSP TO STPOTUP/STPOTDN AND RERUN
