     2 0.02 0.005      5.000000     4.000000  NAT,DX,DE,EUP,EDN
 300.0 0.0  1 6.0                             TEMP,WAVL,IBROAD,FWHM
            15.999400             1.007970
                 -75.8698266763     1 Energy and Symbol NCALC
           0.00000000           0.00000000           0.91547500   8   8
  -0.498557377930D-03  -0.370702838496D-03  -0.226267376126D-01
           0.00000000           0.00000000          -0.91547500   1   1
   0.501538362846D-03   0.417454912497D-03   0.227289951434D-01
   0.218539973047D-02  -0.253059638473D-02   0.684413562496D+00
   0.000000000000D+00   0.000000000000D+00   0.000000000000D+00
