 ********* NEW TRY ************, SPIN:            1
 REP:            1  DIM:            1  NUMBER OF BASES:           92
           1          92
   -11.21503     -0.8895225     -0.6184941     -0.6184935     -0.3830357    
   0.1842346E-01  0.7975452E-01  0.7975926E-01  0.1325746      0.1325781    
   0.1384558      0.1599872      0.2673675      0.3124976      0.3125035    
   0.3338478      0.3338540      0.5384238      0.5430591      0.5430621    
   0.5497998      0.5819746      0.6401417      0.6711982      0.6711992    
   0.7982359      0.7982384      0.7986243      0.8213833      0.8213840    
   0.8686155       1.006543       1.006545       1.271753       1.271757    
    1.314390       1.456032       1.456038       1.599471       1.682219    
    1.682220       1.776701       1.809914       1.943404       2.126182    
    2.126189       2.190066       2.190069       2.231412       2.288091    
    2.307648       2.307649       2.380942       2.380948       2.701982    
    2.701984       2.751659       2.836791       2.851837       2.997505    
    2.997508       3.119693       3.119698       3.322505       3.538771    
    3.538779       3.669332       3.718840       3.857960       3.857969    
    4.013627       4.770256       4.770259       4.995287       4.995291    
    5.344964       5.588677       5.588688       7.518181       7.555339    
    7.555518       7.611734       7.951608       7.951626       8.393704    
    8.393783       9.053589       9.891455       9.891467       10.26128    
    11.06687       50.81459    
 ********* NEW TRY ************, SPIN:            2
 REP:            1  DIM:            1  NUMBER OF BASES:           92
           1          92
   -11.20041     -0.8572340     -0.6132614     -0.6132476     -0.1160986    
   0.2598468E-01  0.8463523E-01  0.8463778E-01  0.1370831      0.1370846    
   0.1662550      0.1771236      0.2805289      0.3197387      0.3197406    
   0.3537037      0.3537061      0.5400604      0.5483449      0.5483454    
   0.5793125      0.5987513      0.6476455      0.6898457      0.6898461    
   0.8052438      0.8052438      0.8084431      0.8281208      0.8281219    
   0.9268665       1.034941       1.034942       1.285103       1.285103    
    1.332455       1.487433       1.487437       1.631825       1.690823    
    1.690825       1.777430       1.848539       1.954337       2.149910    
    2.149911       2.190716       2.190717       2.239036       2.293515    
    2.318752       2.318754       2.387376       2.387379       2.709958    
    2.709960       2.774546       2.839345       2.867205       3.004091    
    3.004095       3.141131       3.141135       3.336176       3.552094    
    3.552097       3.741840       3.745839       3.868443       3.868448    
    4.042819       4.815297       4.815301       5.064971       5.064978    
    5.420187       5.613870       5.613882       7.512658       7.554826    
    7.554995       7.611695       7.947313       7.947319       8.394784    
    8.394872       9.055072       9.887844       9.887846       10.26566    
    11.10516       50.83698    
 FERMI LEVEL:    2.1581790482182462E-314  TEMP:    1.0000000000000000E-004
 SUMMARY OF EVALUES AND THEIR OCCUPANCIES:
    1  REP:  1  DEG:  1  SPIN:  1  ENERGY:   -11.2150      OCC:    1.00000    
    2  REP:  1  DEG:  1  SPIN:  2  ENERGY:   -11.2004      OCC:    1.00000    
    3  REP:  1  DEG:  1  SPIN:  1  ENERGY:  -0.889522      OCC:    1.00000    
    4  REP:  1  DEG:  1  SPIN:  2  ENERGY:  -0.857234      OCC:    1.00000    
    5  REP:  1  DEG:  1  SPIN:  1  ENERGY:  -0.618494      OCC:    1.00000    
    6  REP:  1  DEG:  1  SPIN:  1  ENERGY:  -0.618493      OCC:    1.00000    
    7  REP:  1  DEG:  1  SPIN:  2  ENERGY:  -0.613261      OCC:    1.00000    
    8  REP:  1  DEG:  1  SPIN:  2  ENERGY:  -0.613248      OCC:    1.00000    
    9  REP:  1  DEG:  1  SPIN:  1  ENERGY:  -0.383036      OCC:    1.00000    
   10  REP:  1  DEG:  1  SPIN:  2  ENERGY:  -0.116099      OCC:    0.00000    
   11  REP:  1  DEG:  1  SPIN:  1  ENERGY:   0.184235E-01  OCC:    0.00000    
