           5           4
 -0.601340328328D-04  0.367427635256D-05  0.419584927656D-01  1  D2INV=      1.0000 SUGGEST=       1.0000
  0.869720282086D+00  0.150609963708D+01  0.371614991685D+00  1  D2INV=      1.0000 SUGGEST=       1.0000
  0.869718138650D+00 -0.150610568809D+01  0.371612318961D+00  1  D2INV=      1.0000 SUGGEST=       1.0000
 -0.173889944266D+01 -0.264748031283D-05  0.371188120111D+00  1  D2INV=      1.0000 SUGGEST=       1.0000
  0.214450338540D-03  0.203854252163D-05 -0.175999466676D+01  1  D2INV=      1.0000 SUGGEST=       1.0000
 -0.118089186281D-03  0.193187420374D-06  0.225686021954D+00  1  D2INV=      1.0000 SUGGEST=       1.0000
  0.865438553728D+00  0.149902233463D+01  0.749646342564D-04  1  D2INV=      1.0000 SUGGEST=       1.0000
  0.865442748172D+00 -0.149902486734D+01  0.749231342564D-04  1  D2INV=      1.0000 SUGGEST=       1.0000
 -0.173094763687D+01 -0.483622165304D-05  0.747514102406D-04  1  D2INV=      1.0000 SUGGEST=       1.0000
