     5    4        5    4
        -0.0003554271       -0.0000099751        0.0431548543    1   1
         0.8678029510        1.5029038773        0.3835223183    1   2
         0.8677998211       -1.5029081165        0.3835195751    1   3
        -1.7352893708       -0.0000015000        0.3832363088    1   4
        -0.0000202359        0.0000030854       -1.7552084356    1   5
  
  
        -0.0020552903        0.0000102993        0.2536893345    1   1
         0.8654587962        1.4991001339        0.0000773704    1   2
         0.8654626182       -1.4991026163        0.0000773289    1   3
        -1.7310772151       -0.0000045644        0.0000770867    1   4
  
  
