           5           4
        -0.0003554271       -0.0000099751        0.0431548543    1   1
        -0.0000118097       -0.0000003327        0.0003017456
         0.8678029510        1.5029038773        0.3835223183    1   2
         0.0000018178        0.0000038457        0.0000205939
         0.8677998211       -1.5029081165        0.3835195751    1   3
         0.0000018202       -0.0000038713        0.0000206018
        -1.7352893708       -0.0000015000        0.3832363088    1   4
        -0.0000047663       -0.0000000206        0.0000195801
        -0.0000202359        0.0000030854       -1.7552084356    1   5
        -0.0000000139       -0.0000000407        0.0000367497

        -0.0020552903        0.0000102993        0.2536893345    1   1
        -0.0004848688        0.0000024105        0.0063013297
         0.8654587962        1.4991001339        0.0000773704    1   2
         0.0000088043        0.0000189427        0.0000003365
         0.8654626182       -1.4991026163        0.0000773289    1   3
         0.0000087909       -0.0000189009        0.0000003364
        -1.7310772151       -0.0000045644        0.0000770867    1   4
        -0.0000280265        0.0000000100        0.0000003489

