 FLO    Charge     Asymp      E_COUL     E_SIC      EXlocal    EClocal    EXnonl     ECnonl
  1.   1.000000   1.000007  -1.780921  -0.207625  -1.531040  -0.042256   0.000000   0.000000
  2.   1.000000   0.957881  -0.345963  -0.021453  -0.301019  -0.023492   0.000000   0.000000
  3.   1.000000   1.077112  -0.345963  -0.021453  -0.301018  -0.023492   0.000000   0.000000
  4.   1.000000   0.951701  -0.345966  -0.021453  -0.301021  -0.023492   0.000000   0.000000
  5.   1.000000   1.017422  -0.289909  -0.006477  -0.261527  -0.021905   0.000000   0.000000
  1.   1.000000   1.000003  -1.775840  -0.208245  -1.525352  -0.042243   0.000000   0.000000
  2.   1.000000   0.959646  -0.353328  -0.024042  -0.305611  -0.023675   0.000000   0.000000
  3.   1.000000   1.092042  -0.353328  -0.024042  -0.305611  -0.023675   0.000000   0.000000
  4.   1.000000   0.952767  -0.353299  -0.024032  -0.305593  -0.023674   0.000000   0.000000
