           4
   0.0000000000000000        0.0000000000000000        0.0000000000000000     
          20           1
   5.1730465500000003E-002  -2.0136588859509934     
  0.10346093100000001        3.1713674931306657     
  0.20692186200000001       -4.5132020967987785     
  0.41384372400000002        3.7745676639736470     
  0.82768744800000005       -4.9061193426465906     
   1.6553748960000001        3.0313786461970817     
   3.3107497920000002       -3.2502317205648290     
   6.6214995840000004        1.6019555105161667     
   13.242999168000001       -2.5365250509218349     
   26.485998336000002        1.7118252957392790     
   52.971996672000003       -2.2411288840829466     
   105.94399334400001        1.3855432285227507     
   211.88798668800001       -1.5113856519282114     
   423.77597337600002        1.0259041097856203     
   847.55194675200005      -0.97216741434018850     
   1695.1038935040001       0.64025337734441878     
   3390.2077870080002      -0.49534589229560133     
   6780.4155740160004       0.21656769526669575     
   13560.831148032001       -7.0968983607515135E-002
   27121.662296064002       -3.8271697319266822E-002
  
   1.0179170000000000        1.7630830000000000        0.0000000000000000     
          12           1
   4.9919669900000005E-002  -1.3281356011831482     
   9.9839339800000010E-002   1.8539870191263597     
  0.19967867960000002       -2.2551580076813944     
  0.39935735920000004        2.1016236394596914     
  0.79871471840000008       -2.1050034910304336     
   1.5974294368000002        1.6531163384565202     
   3.1948588736000003       -1.4996051897518825     
   6.3897177472000006        1.1274046027037952     
   12.779435494400001      -0.85906469843422006     
   25.558870988800003       0.51200182895527113     
   51.117741977600005      -0.23682380867617445     
   102.23548395520001        4.0663027577869264E-002
  
   1.0179170000000000       -1.7630830000000000        0.0000000000000000     
          12           1
   4.9919669900000005E-002  -1.3281356011831482     
   9.9839339800000010E-002   1.8539870191263597     
  0.19967867960000002       -2.2551580076813944     
  0.39935735920000004        2.1016236394596914     
  0.79871471840000008       -2.1050034910304336     
   1.5974294368000002        1.6531163384565202     
   3.1948588736000003       -1.4996051897518825     
   6.3897177472000006        1.1274046027037952     
   12.779435494400001      -0.85906469843422006     
   25.558870988800003       0.51200182895527113     
   51.117741977600005      -0.23682380867617445     
   102.23548395520001        4.0663027577869264E-002
  
  -2.0358329999999998        0.0000000000000000        0.0000000000000000     
          12           1
   4.9919669900000005E-002  -1.3281356011831482     
   9.9839339800000010E-002   1.8539870191263597     
  0.19967867960000002       -2.2551580076813944     
  0.39935735920000004        2.1016236394596914     
  0.79871471840000008       -2.1050034910304336     
   1.5974294368000002        1.6531163384565202     
   3.1948588736000003       -1.4996051897518825     
   6.3897177472000006        1.1274046027037952     
   12.779435494400001      -0.85906469843422006     
   25.558870988800003       0.51200182895527113     
   51.117741977600005      -0.23682380867617445     
   102.23548395520001        4.0663027577869264E-002
  
 TO USE THE STARTING POTENTIAL FEATURE, RENAME
 STRTS/STRTSP TO STPOTUP/STPOTDN AND RERUN
