  IT          TRACE                ETOT                 EKIN+ENONLOC          CHARGE              EDFT+SIC              LOWEST
   1        -23.577733944        -39.398769039         39.610695492          8.999999088        -39.398769039        -39.398769039
   2        -22.016741534        -39.433769806         38.714635037          8.999999142        -39.433769806        -39.433769806
   3        -22.172547439        -39.439741506         38.872566813          8.999999163        -39.439741506        -39.439741506
   4        -22.459258950        -39.443757726         39.158353399          8.999999193        -39.443757726        -39.443757726
   5        -22.475221089        -39.443787668         39.165814796          8.999999191        -39.443787668        -39.443787668
   6        -22.479921452        -39.443807049         39.161143633          8.999999188        -39.443807049        -39.443807049
   7        -22.478388508        -39.443808389         39.161504836          8.999999188        -39.443808389        -39.443808389
   8        -22.479280832        -39.443808580         39.162647185          8.999999189        -39.443808580        -39.443808580
   9        -22.479197059        -39.443808595         39.162445511          8.999999189        -39.443808595        -39.443808595
  IT          TRACE                ETOT                 EKIN+ENONLOC          CHARGE              EDFT+SIC              LOWEST
   1        -23.577733944        -39.398769039         39.610695492          8.999999088        -39.944498412        -39.944498412
   2        -26.723511777        -39.436584502         39.516631575          8.999999191        -39.992504622        -39.992504622
   3        -26.811957033        -39.435600992         39.523125179          8.999999194        -39.992282684        -39.992504622
   4        -28.940365552        -39.312260292         41.173421965          8.999999301        -39.882484959        -39.992504622
   5        -27.094795652        -39.422794076         40.093694535          8.999999244        -39.985449848        -39.992504622
   6        -26.849100245        -39.435551747         39.680463783          8.999999214        -39.994347243        -39.994347243
   7        -27.066242927        -39.435355708         39.745658665          8.999999215        -39.994423507        -39.994423507
   8        -27.109916205        -39.434639879         39.790004306          8.999999218        -39.994121758        -39.994423507
   9        -27.103516471        -39.434483903         39.795235385          8.999999219        -39.994058082        -39.994423507
  10        -27.041592629        -39.435137445         39.750781551          8.999999216        -39.994371015        -39.994423507
  11        -27.021331553        -39.435464110         39.726208924          8.999999214        -39.994471889        -39.994471889
  12        -27.019187425        -39.435561976         39.718784954          8.999999213        -39.994488223        -39.994488223
  13        -27.001612191        -39.435699197         39.703960769          8.999999212        -39.994498862        -39.994498862
  14        -26.989066607        -39.435800827         39.691400614          8.999999211        -39.994488647        -39.994498862
  15        -26.981805149        -39.435859611         39.683139258          8.999999210        -39.994471339        -39.994498862
  16        -26.976623286        -39.435894898         39.677342034          8.999999210        -39.994454017        -39.994498862
  17        -26.973824317        -39.435912948         39.673841394          8.999999209        -39.994441322        -39.994498862
  18        -26.978073564        -39.435900512         39.676003211          8.999999209        -39.994448253        -39.994498862
  19        -26.987688596        -39.435857231         39.683454853          8.999999210        -39.994470224        -39.994498862
  20        -26.993036688        -39.435817814         39.689074174          8.999999210        -39.994482875        -39.994498862
  21        -26.997932739        -39.435781179         39.694036631          8.999999211        -39.994490940        -39.994498862
  22        -27.005142168        -39.435731151         39.700581874          8.999999212        -39.994497019        -39.994498862
  23        -27.009334177        -39.435690287         39.705215477          8.999999212        -39.994498268        -39.994498862
  24        -27.010190349        -39.435672377         39.706943689          8.999999212        -39.994498060        -39.994498862
  25        -27.008724050        -39.435676487         39.706278447          8.999999212        -39.994498196        -39.994498862
