     4 0.02 0.005      5.000000     4.000000  NAT,DX,DE,EUP,EDN
 300.0 0.0  1 6.0                             TEMP,WAVL,IBROAD,FWHM
            12.011150             1.007970             1.007970
             1.007970
                 -39.9944981965     1 Energy and Symbol NCALC
           0.00000000           0.00000000           0.00000000   6   6
  -0.348196163459D-04   0.774969952747D-07  -0.220901559898D-01
           1.01791700           1.76308300           0.00000000   1   1
  -0.926669502129D-02  -0.159699879885D-01   0.736384507194D-02
           1.01791700          -1.76308300           0.00000000   1   1
  -0.926664397467D-02   0.159698833316D-01   0.736381422707D-02
          -2.03583300           0.00000000           0.00000000   1   1
   0.185501139406D-01  -0.181851139588D-07   0.736135112143D-02
  -0.153923180867D-03   0.248896799171D-06  -0.388563041047D-01
   0.000000000000D+00   0.000000000000D+00   0.000000000000D+00
