 
  -39.989565679104516     
     5    4        5    4
        -0.0000390791        0.0000046475        0.0418731900    1   1
         0.8698569913        1.5063275006        0.3707659775    1   2
         0.8698549182       -1.5063336808        0.3707633098    1   3
        -1.7391568474       -0.0000027293        0.3703290622    1   4
         0.0002311839        0.0000019639       -1.7603359338    1   5
  
  
         0.0000200368       -0.0000005274        0.2236893345    1   1
         0.8654371104        1.4990167874        0.0000747931    1   2
         0.8654413314       -1.4990193237        0.0000747516    1   3
        -1.7309383977       -0.0000048556        0.0000745849    1   4
  
  
       0.000002933570      0.000000135622     -0.000011885260
       0.000019047789      0.000031748361     -0.000118293804
       0.000019057556     -0.000031766362     -0.000118293132
      -0.000035864401     -0.000000011447     -0.000119693175
       0.000002331496     -0.000000010394     -0.000047548954
       0.000019245161     -0.000000100383     -0.000278199969
      -0.000000201135     -0.000000772858     -0.000000023932
      -0.000000197429      0.000000772368     -0.000000023927
       0.000001287253     -0.000000002669     -0.000000023211
 
  -39.994498196488323     
     5    4        5    4
        -0.0003554271       -0.0000099751        0.0431548543    1   1
         0.8678029510        1.5029038773        0.3835223183    1   2
         0.8677998211       -1.5029081165        0.3835195751    1   3
        -1.7352893708       -0.0000015000        0.3832363088    1   4
        -0.0000202359        0.0000030854       -1.7552084356    1   5
  
  
        -0.0020552903        0.0000102993        0.2536893345    1   1
         0.8654587962        1.4991001339        0.0000773704    1   2
         0.8654626182       -1.4991026163        0.0000773289    1   3
        -1.7310772151       -0.0000045644        0.0000770867    1   4
  
  
      -0.000011809719     -0.000000332663      0.000301745564
       0.000001817774      0.000003845741      0.000020593949
       0.000001820205     -0.000003871316      0.000020601820
      -0.000004766263     -0.000000020619      0.000019580121
      -0.000000013923     -0.000000040672      0.000036749674
      -0.000484868772      0.000002410483      0.006301329678
       0.000008804339      0.000018942723      0.000000336495
       0.000008790928     -0.000018900946      0.000000336420
      -0.000028026523      0.000000009983      0.000000348872
