 ********* NEW TRY ************, SPIN:            1
 REP:            1  DIM:            1  NUMBER OF BASES:          108
           1         108
   -25.77663      -20.47599      -1.207074     -0.9480032     -0.7044109    
  -0.5695799     -0.4912642     -0.2071289     -0.2070694     -0.2070369    
   0.4056609E-01  0.1113384      0.2213426      0.2432071      0.2757785    
   0.2853295      0.3303896      0.3422643      0.3476416      0.4277905    
   0.4466459      0.4788983      0.4790147      0.4790234      0.4957014    
   0.6724178      0.7366084      0.7818156      0.8604201      0.9043353    
   0.9090698      0.9312633      0.9434201      0.9930967       1.012098    
    1.051495       1.051498       1.051536       1.051740       1.051795    
    1.114079       1.156350       1.172250       1.486126       1.486183    
    1.486186       1.637102       1.723812       1.762111       1.876806    
    1.905055       1.999629       2.136319       2.147595       2.188342    
    2.196129       2.342131       2.365570       2.449408       2.483176    
    2.532729       2.584077       2.588919       2.759189       2.829715    
    2.829716       2.829737       2.829871       2.829901       2.998723    
    3.025158       3.053938       3.103238       3.138548       3.312147    
    3.466610       3.779172       3.883827       4.481827       4.667754    
    4.667777       4.667778       4.768048       4.961663       5.713450    
    6.214879       6.467591       6.494009       6.506229       6.602755    
    6.748143       6.818083       6.818087       6.818089       6.818099    
    6.818099       7.535974       7.588447       7.599787       7.808100    
    8.440599       8.620804       9.950898       10.09578       11.89002    
    12.28413       57.16726       60.07675    
 FERMI LEVEL:    1.1297021626062163E-310  TEMP:    1.0000000000000000E-004
 SUMMARY OF EVALUES AND THEIR OCCUPANCIES:
    1  REP:  1  DEG:  1  SPIN:  1  ENERGY:   -25.7766      OCC:    1.00000    
    2  REP:  1  DEG:  1  SPIN:  1  ENERGY:   -20.4760      OCC:    1.00000    
    3  REP:  1  DEG:  1  SPIN:  1  ENERGY:   -1.20707      OCC:    1.00000    
    4  REP:  1  DEG:  1  SPIN:  1  ENERGY:  -0.948003      OCC:    1.00000    
    5  REP:  1  DEG:  1  SPIN:  1  ENERGY:  -0.704411      OCC:    1.00000    
    6  REP:  1  DEG:  1  SPIN:  1  ENERGY:  -0.569580      OCC:    1.00000    
    7  REP:  1  DEG:  1  SPIN:  1  ENERGY:  -0.491264      OCC:    1.00000    
    8  REP:  1  DEG:  1  SPIN:  1  ENERGY:  -0.207129      OCC:    1.00000    
    9  REP:  1  DEG:  1  SPIN:  1  ENERGY:  -0.207069      OCC:    1.00000    
   10  REP:  1  DEG:  1  SPIN:  1  ENERGY:  -0.207037      OCC:    1.00000    
   11  REP:  1  DEG:  1  SPIN:  1  ENERGY:   0.405661E-01  OCC:    0.00000    
