    10    0       10    0
        -0.0000000175        0.0299349691       -0.0000000001    1   1
         1.2947551794        1.0076774009       -0.0000000414    1   2
        -1.2947553001        1.0076798304       -0.0000000414    1   3
        -0.0000015339       -1.0053102625        1.2938221149    1   4
        -0.0000015339       -1.0053102830       -1.2938221445    1   5
         0.0000000000       20.0000000000        0.0000000000    1   6
         1.2940000000       21.0000000000        0.0000000000    1   7
        -1.2940000000       21.0000000000        0.0000000000    1   8
         0.0000000000       19.0000000000        1.2940000000    1   9
         0.0000000000       19.0000000000       -1.2940000000    1  10
  
  
  
  
