 
  -176.77465600137106     
    10    0       10    0
        -0.0000000175        0.0299349691       -0.0000000001    1   1
         1.2947551794        1.0076774009       -0.0000000414    1   2
        -1.2947553001        1.0076798304       -0.0000000414    1   3
        -0.0000015339       -1.0053102625        1.2938221149    1   4
        -0.0000015339       -1.0053102830       -1.2938221445    1   5
         0.0000000000       20.0000000000        0.0000000000    1   6
         1.2940000000       21.0000000000        0.0000000000    1   7
        -1.2940000000       21.0000000000        0.0000000000    1   8
         0.0000000000       19.0000000000        1.2940000000    1   9
         0.0000000000       19.0000000000       -1.2940000000    1  10
  
  
  
  
      -0.000000002817      0.000383188719     -0.000000000034
       0.000152319977      0.000088518955      0.000000001015
      -0.000152325135      0.000088443051      0.000000001014
       0.000000045330     -0.000101977101      0.000209150854
       0.000000045330     -0.000101976636     -0.000209150097
      -0.000000000007      0.000004408956     -0.000000000024
       0.000249684181      0.000189833619      0.000000000002
      -0.000249684175      0.000189833620      0.000000000002
       0.000000000003     -0.000188611201      0.000250140106
       0.000000000003     -0.000188611201     -0.000250140101
 
  -176.79614254630584     
    10    0       10    0
        -0.0000000175        0.0299349691       -0.0000000001    1   1
         1.2947551794        1.0076774009       -0.0000000414    1   2
        -1.2947553001        1.0076798304       -0.0000000414    1   3
        -0.0000015339       -1.0053102625        1.2938221149    1   4
        -0.0000015339       -1.0053102830       -1.2938221445    1   5
         0.0000000000       20.0000000000        0.0000000000    1   6
         1.2940000000       21.0000000000        0.0000000000    1   7
        -1.2940000000       21.0000000000        0.0000000000    1   8
         0.0000000000       19.0000000000        1.2940000000    1   9
         0.0000000000       19.0000000000       -1.2940000000    1  10
  
  
  
  
      -0.000000001547      0.000297723135     -0.000000000039
       0.000157014337      0.000090431967      0.000000001023
      -0.000157019576      0.000090355269      0.000000001023
       0.000000045814     -0.000106393520      0.000213473953
       0.000000045814     -0.000106393046     -0.000213473193
      -0.000000000022      0.000004195120     -0.000000000027
       0.000249688473      0.000189798077      0.000000000007
      -0.000249688475      0.000189798076      0.000000000007
      -0.000000000002     -0.000188637224      0.000250122020
      -0.000000000002     -0.000188637224     -0.000250122009
