 FLO    Charge     Asymp      E_COUL     E_SIC      EXlocal    EClocal    EXnonl     ECnonl      XC/H
  1.   1.000000   1.000004  -2.422739  -0.587342  -2.082727  -0.046341   0.000000   0.000000   0.878786
  2.   1.000000   1.012222  -0.422009  -0.049236  -0.371771  -0.025620   0.000000   0.000000   0.941664
  3.   1.000000   1.025916  -0.422009  -0.049236  -0.371771  -0.025620   0.000000   0.000000   0.941664
  4.   1.000000   0.987732  -0.435638  -0.047166  -0.386297  -0.025758   0.000000   0.000000   0.945865
  5.   1.000000   0.995760  -0.435638  -0.047166  -0.386297  -0.025758   0.000000   0.000000   0.945865
  6.   1.000000   2.160003  -2.743516  -0.674387  -2.358297  -0.048026   0.000000   0.000000   0.877094
  7.   1.000000   2.148894  -0.480105  -0.049842  -0.428435  -0.026749   0.000000   0.000000   0.948093
  8.   1.000000   2.231452  -0.480105  -0.049842  -0.428435  -0.026749   0.000000   0.000000   0.948093
  9.   1.000000   2.095113  -0.480055  -0.049830  -0.428392  -0.026748   0.000000   0.000000   0.948100
 10.   1.000000   2.164490  -0.480055  -0.049830  -0.428392  -0.026748   0.000000   0.000000   0.948100
