  IT          TRACE                ETOT                 EKIN+ENONLOC          CHARGE              EDFT+SIC              LOWEST
   1        -95.459958946       -174.956763231        178.519612498         19.999999329       -176.627578791       -176.627578791
   2        -98.147499217       -175.028906056        171.631259670         19.999999664       -176.624791275       -176.627578791
   3        -98.931757208       -174.940940762        170.851752609         19.999999681       -176.517885190       -176.627578791
  IT          TRACE                ETOT                 EKIN+ENONLOC          CHARGE              EDFT+SIC              LOWEST
   1        -95.459958946       -174.956763231        178.519612498         19.999999329       -176.627578791       -176.627578791
   2        -98.147499217       -175.028906056        171.631259670         19.999999664       -176.624791275       -176.627578791
   3        -98.931757208       -174.940940762        170.851752609         19.999999681       -176.517885190       -176.627578791
  IT          TRACE                ETOT                 EKIN+ENONLOC          CHARGE              EDFT+SIC              LOWEST
   1        -95.459958946       -174.956763231        178.519612498         19.999999329       -176.627578791       -176.627578791
   2        -98.147499218       -175.028906056        171.631259673         19.999999664       -176.624791275       -176.627578791
   3        -98.931757208       -174.940940762        170.851752612         19.999999681       -176.517885190       -176.627578791
  IT          TRACE                ETOT                 EKIN+ENONLOC          CHARGE              EDFT+SIC              LOWEST
   1          0.000000000       -175.171617018        174.330484851         19.999999768       -176.773126956       -176.773126956
   2       -102.826438979       -175.098958248        177.447776714         19.996123252       -176.761830456       -176.773126956
   3       -100.432105637       -175.123793803        174.721679057         19.996123119       -176.756717167       -176.773126956
   4       -100.656700826       -175.120598545        174.484907330         19.996123116       -176.747960005       -176.773126956
   5       -107.355859325       -174.645636326        183.800651283         19.996125209       -176.379933287       -176.773126956
   6       -101.832663609       -175.061381738        178.110753271         19.996123592       -176.742084108       -176.773126956
   7       -101.456509331       -175.115877657        176.481282947         19.996123279       -176.773629313       -176.773629313
   8       -101.980487706       -175.110503301        176.907028918         19.996123309       -176.771001253       -176.773629313
   9       -101.915074502       -175.111078064        176.889961482         19.996123321       -176.771287250       -176.773629313
  10       -101.749966532       -175.116243395        176.646317886         19.996123297       -176.773361519       -176.773629313
  11       -101.724054152       -175.118159440        176.556170513         19.996123283       -176.773900380       -176.773900380
  12       -101.663428628       -175.120056320        176.441886192         19.996123262       -176.774337977       -176.774337977
  13       -101.506686363       -175.123675267        176.190910319         19.996123234       -176.774631093       -176.774631093
  14       -101.474632460       -175.125096698        176.091381949         19.996123224       -176.774433314       -176.774631093
  15       -101.484850564       -175.125346364        176.081791557         19.996123223       -176.774391596       -176.774631093
  16       -101.476339112       -175.125537278        176.066751148         19.996123222       -176.774338143       -176.774631093
  17       -101.478977252       -175.125558525        176.067109230         19.996123222       -176.774335814       -176.774631093
  18       -101.514370905       -175.125035600        176.118669166         19.996123226       -176.774486043       -176.774631093
  19       -101.543704683       -175.124387361        176.171276774         19.996123230       -176.774593326       -176.774631093
  20       -101.562950569       -175.123852547        176.210287542         19.996123234       -176.774639341       -176.774639341
  21       -101.576464168       -175.123449095        176.238384015         19.996123237       -176.774654545       -176.774654545
  22       -101.584100983       -175.123189178        176.255728924         19.996123239       -176.774656661       -176.774656661
  23       -101.587336589       -175.123053433        176.264439864         19.996123240       -176.774655631       -176.774656661
  24       -101.586572375       -175.123029198        176.265322611         19.996123240       -176.774655437       -176.774656661
  25       -101.584444083       -175.123062637        176.262445379         19.996123240       -176.774656001       -176.774656661
  IT          TRACE                ETOT                 EKIN+ENONLOC          CHARGE              EDFT+SIC              LOWEST
   1          0.000000000       -175.142142519        176.271979211         19.999999741       -176.796138440       -176.796138440
   2       -101.575913333       -175.142364191        176.250498337         19.999999741       -176.796143691       -176.796143691
   3       -101.597723272       -175.142168699        176.273706056         19.999999741       -176.796136595       -176.796143691
   4       -101.595635816       -175.142136090        176.275330915         19.999999741       -176.796134892       -176.796143691
   5       -101.507649895       -175.142964879        176.162375521         19.999999740       -176.795958192       -176.796143691
   6       -101.579262207       -175.142596798        176.232746923         19.999999740       -176.796128456       -176.796143691
   7       -101.584653931       -175.142389010        176.252332706         19.999999741       -176.796142903       -176.796143691
   8       -101.586782785       -175.142306151        176.259243892         19.999999741       -176.796143377       -176.796143691
   9       -101.588367443       -175.142265243        176.262842800         19.999999741       -176.796142546       -176.796143691
