           6           4
  0.661051109765D-02  0.450192708285D-03 -0.261241302998D-02  1  D2INV=      1.0000 SUGGEST=       1.0000
 -0.404010275209D+00 -0.887724121866D+00  0.100071574322D+01  1  D2INV=      1.0000 SUGGEST=       1.0000
 -0.408210488378D+00  0.127214077341D+01  0.275888423479D+00  1  D2INV=      1.0000 SUGGEST=       1.0000
 -0.392207616523D+00 -0.397499992288D+00 -0.127533899801D+01  1  D2INV=      1.0000 SUGGEST=       1.0000
  0.114710921265D+01 -0.625818195962D-02  0.101555054234D-01  1  D2INV=      1.0000 SUGGEST=       1.0000
  0.334902087989D+01  0.420579358175D-02  0.173690873100D-02  1  D2INV=      1.0000 SUGGEST=       1.0000
  0.220716341428D-01  0.116478053909D+00 -0.806050655204D-01  1  D2INV=      1.0000 SUGGEST=       1.0000
 -0.349893852323D+00  0.134391830747D+00 -0.134968603455D+01  1  D2INV=      1.0000 SUGGEST=       1.0000
 -0.349448743624D+00 -0.135734914022D+00  0.134954665587D+01  1  D2INV=      1.0000 SUGGEST=       1.0000
  0.259825439502D+01  0.590747557485D-03  0.433628109400D-03  1  D2INV=      1.0000 SUGGEST=       1.0000
