   3          TOTAL NUMBER OF ATOM TYPES                                        
   8   8      ELECTRONIC AND NUCLEAR CHARGE                                     
ALL           ALL-ELECTRON ATOM TYPE                                            
   1          NUMBER OF ATOMS OF TYPE OXY                                       
 0.000000 0.000000 0.000000 UPO                                                 
 0                                                                              
  13          NUMBER OF BARE GAUSSIANS                                          
   5   4   3  NUMBER OF S,P,D FUNCTIONS                                         
   0   0   1  SUPPLEMENTARY S,P,D FUNCTIONS                                     
       0.6120995220D+05       0.9191660630D+04       0.2094692730D+04           
       0.5935495900D+03       0.1936468550D+03       0.6977937380D+02           
       0.2693975300D+02       0.1093418610D+02       0.4565711210D+01           
       0.1884057180D+01       0.7553058400D+00       0.2915527400D+00           
       0.1049174000D+00                                                         
                                                                                
       0.2484510850D+00       0.4640692010D+00       0.8000280060D+00           
       0.1288259230D+01       0.1912301250D+01       0.2484317540D+01           
       0.2565928310D+01       0.1710267850D+01       0.4862767820D+00           
       0.2128629570D-01       0.3876386950D-03      -0.1273179470D-03           
       0.1805300580D-04                                                         
                                                                                
      -0.5837699430D-01      -0.1091869670D+00      -0.1884255660D+00           
      -0.3060803760D+00      -0.4627975500D+00      -0.6352657150D+00           
      -0.7423516650D+00      -0.6508699470D+00      -0.2850338670D+00           
       0.1945857910D+00       0.3001787390D+00       0.1205146690D+00           
       0.7304580300D-02                                                         
                                                                                
       0.0000000000D+00       0.0000000000D+00       0.0000000000D+00           
       0.0000000000D+00       0.0000000000D+00       0.0000000000D+00           
       0.0000000000D+00       0.0000000000D+00       0.0000000000D+00           
       0.0000000000D+00       0.1000000000D+01       0.0000000000D+00           
       0.0000000000D+00                                                         
                                                                                
       0.0000000000D+00       0.0000000000D+00       0.0000000000D+00           
       0.0000000000D+00       0.0000000000D+00       0.0000000000D+00           
       0.0000000000D+00       0.0000000000D+00       0.0000000000D+00           
       0.0000000000D+00       0.0000000000D+00       0.1000000000D+01           
       0.0000000000D+00                                                         
                                                                                
       0.0000000000D+00       0.0000000000D+00       0.0000000000D+00           
       0.0000000000D+00       0.0000000000D+00       0.0000000000D+00           
       0.0000000000D+00       0.0000000000D+00       0.0000000000D+00           
       0.0000000000D+00       0.0000000000D+00       0.0000000000D+00           
       0.1000000000D+01                                                         
                                                                                
       0.4803085360D-01       0.7673145870D-01       0.1493385660D+00           
       0.2241829500D+00       0.3683805400D+00       0.5002376060D+00           
       0.6764937310D+00       0.7390674950D+00       0.7096321280D+00           
       0.4954630190D+00       0.2131075530D+00       0.5731713790D-01           
       0.6280915410D-02                                                         
                                                                                
       0.0000000000D+00       0.0000000000D+00       0.0000000000D+00           
       0.0000000000D+00       0.0000000000D+00       0.0000000000D+00           
       0.0000000000D+00       0.0000000000D+00       0.0000000000D+00           
       0.0000000000D+00       0.1000000000D+01       0.0000000000D+00           
       0.0000000000D+00                                                         
                                                                                
       0.0000000000D+00       0.0000000000D+00       0.0000000000D+00           
       0.0000000000D+00       0.0000000000D+00       0.0000000000D+00           
       0.0000000000D+00       0.0000000000D+00       0.0000000000D+00           
       0.0000000000D+00       0.0000000000D+00       0.1000000000D+01           
       0.0000000000D+00                                                         
                                                                                
       0.0000000000D+00       0.0000000000D+00       0.0000000000D+00           
       0.0000000000D+00       0.0000000000D+00       0.0000000000D+00           
       0.0000000000D+00       0.0000000000D+00       0.0000000000D+00           
       0.0000000000D+00       0.0000000000D+00       0.0000000000D+00           
       0.1000000000D+01                                                         
                                                                                
       0.0000000000D+00       0.0000000000D+00       0.0000000000D+00           
       0.0000000000D+00       0.0000000000D+00       0.0000000000D+00           
       0.0000000000D+00       0.0000000000D+00       0.0000000000D+00           
       0.1000000000D+01       0.0000000000D+00       0.0000000000D+00           
       0.0000000000D+00                                                         
                                                                                
       0.0000000000D+00       0.0000000000D+00       0.0000000000D+00           
       0.0000000000D+00       0.0000000000D+00       0.0000000000D+00           
       0.0000000000D+00       0.0000000000D+00       0.0000000000D+00           
       0.0000000000D+00       0.1000000000D+01       0.0000000000D+00           
       0.0000000000D+00                                                         
                                                                                
       0.0000000000D+00       0.0000000000D+00       0.0000000000D+00           
       0.0000000000D+00       0.0000000000D+00       0.0000000000D+00           
       0.0000000000D+00       0.0000000000D+00       0.0000000000D+00           
       0.0000000000D+00       0.0000000000D+00       0.1000000000D+01           
       0.0000000000D+00                                                         
                                                                                
       0.0000000000D+00       0.0000000000D+00       0.0000000000D+00           
       0.0000000000D+00       0.0000000000D+00       0.0000000000D+00           
       0.0000000000D+00       0.0000000000D+00       0.0000000000D+00           
       0.0000000000D+00       0.0000000000D+00       0.0000000000D+00           
       0.1000000000D+01                                                         
                                                                                
   1   1      ELECTRONIC AND NUCLEAR CHARGE                                     
ALL           ALL-ELECTRON ATOM TYPE                                            
   2          NUMBER OF ATOMS OF TYPE HYD                                       
 1.450000 1.120000 0.000000 UPO                                                 
 -1.450000 1.120000 0.000000 UPO                                                
 0                                                                              
   6          NUMBER OF BARE GAUSSIANS                                          
   4   3   1  NUMBER OF S,P,D FUNCTIONS                                         
   0   1   1  SUPPLEMENTARY S,P,D FUNCTIONS                                     
       0.7784080190D+02       0.1153441740D+02       0.2613858140D+01           
       0.7321663300D+00       0.2283819000D+00       0.7450697000D-01           
                                                                                
       0.3765677010D-01       0.7036322570D-01       0.1131455390D+00           
       0.1393935110D+00       0.1091635820D+00       0.3585699350D-01           
                                                                                
       0.0000000000D+00       0.0000000000D+00       0.0000000000D+00           
       0.1000000000D+01       0.0000000000D+00       0.0000000000D+00           
                                                                                
       0.0000000000D+00       0.0000000000D+00       0.0000000000D+00           
       0.0000000000D+00       0.1000000000D+01       0.0000000000D+00           
                                                                                
       0.0000000000D+00       0.0000000000D+00       0.0000000000D+00           
       0.0000000000D+00       0.0000000000D+00       0.1000000000D+01           
                                                                                
       0.0000000000D+00       0.0000000000D+00       0.1000000000D+01           
       0.0000000000D+00       0.0000000000D+00       0.0000000000D+00           
                                                                                
       0.0000000000D+00       0.0000000000D+00       0.0000000000D+00           
       0.1000000000D+01       0.0000000000D+00       0.0000000000D+00           
                                                                                
       0.0000000000D+00       0.0000000000D+00       0.0000000000D+00           
       0.0000000000D+00       0.1000000000D+01       0.0000000000D+00           
                                                                                
       0.0000000000D+00       0.0000000000D+00       0.0000000000D+00           
       0.0000000000D+00       0.0000000000D+00       0.1000000000D+01           
                                                                                
       0.0000000000D+00       0.0000000000D+00       0.0000000000D+00           
       0.1000000000D+01       0.0000000000D+00       0.0000000000D+00           
                                                                                
       0.0000000000D+00       0.0000000000D+00       0.0000000000D+00           
       0.0000000000D+00       0.1000000000D+01       0.0000000000D+00           
                                                                                
   9   9.2    ELECTRONIC AND NUCLEAR CHARGE                                     
ALL           ALL-ELECTRON ATOM TYPE                                            
   1          NUMBER OF ATOMS OF TYPE FLU                                       
 0.000000 20.000000 0.000000 UPO                                                
 0                                                                              
  14          NUMBER OF BARE GAUSSIANS                                          
   5   4   3  NUMBER OF S,P,D FUNCTIONS                                         
   0   0   1  SUPPLEMENTARY S,P,D FUNCTIONS                                     
       0.1231742220D+06       0.1865493160D+05       0.4284660370D+04           
       0.1223150920D+04       0.4016733760D+03       0.1457852270D+03           
       0.5694551760D+02       0.2349311190D+02       0.1003418550D+02           
       0.4343769680D+01       0.1868203030D+01       0.7806879100D+00           
       0.3149846100D+00       0.1181861600D+00                                  
                                                                                
       0.2355763350D+00       0.4376225000D+00       0.7524712120D+00           
       0.1216638020D+01       0.1845316540D+01       0.2551384850D+01           
       0.3004077050D+01       0.2682876730D+01       0.1405497250D+01           
       0.2609771830D+00       0.2555561480D-02       0.7546130340D-03           
      -0.1646029690D-03       0.2082887950D-04                                  
                                                                                
      -0.5583942250D-01      -0.1035858050D+00      -0.1788144750D+00           
      -0.2894265580D+00      -0.4466115800D+00      -0.6343658820D+00           
      -0.8145208580D+00      -0.8538368980D+00      -0.6447789780D+00           
      -0.1142431720D+00       0.3167190590D+00       0.3041863400D+00           
       0.1005780670D+00       0.4817488440D-02                                  
                                                                                
       0.0000000000D+00       0.0000000000D+00       0.0000000000D+00           
       0.0000000000D+00       0.0000000000D+00       0.0000000000D+00           
       0.0000000000D+00       0.0000000000D+00       0.0000000000D+00           
       0.0000000000D+00       0.0000000000D+00       0.1000000000D+01           
       0.0000000000D+00       0.0000000000D+00                                  
                                                                                
       0.0000000000D+00       0.0000000000D+00       0.0000000000D+00           
       0.0000000000D+00       0.0000000000D+00       0.0000000000D+00           
       0.0000000000D+00       0.0000000000D+00       0.0000000000D+00           
       0.0000000000D+00       0.0000000000D+00       0.0000000000D+00           
       0.1000000000D+01       0.0000000000D+00                                  
                                                                                
       0.0000000000D+00       0.0000000000D+00       0.0000000000D+00           
       0.0000000000D+00       0.0000000000D+00       0.0000000000D+00           
       0.0000000000D+00       0.0000000000D+00       0.0000000000D+00           
       0.0000000000D+00       0.0000000000D+00       0.0000000000D+00           
       0.0000000000D+00       0.1000000000D+01                                  
                                                                                
       0.4900854750D-01       0.9059901630D-01       0.1569389330D+00           
       0.2549422150D+00       0.3969983700D+00       0.5817501900D+00           
       0.7854593500D+00       0.9713952850D+00       0.1017485400D+01           
       0.8881348760D+00       0.5325776020D+00       0.2097448310D+00           
       0.5358788830D-01       0.5596492130D-02                                  
                                                                                
       0.0000000000D+00       0.0000000000D+00       0.0000000000D+00           
       0.0000000000D+00       0.0000000000D+00       0.0000000000D+00           
       0.0000000000D+00       0.0000000000D+00       0.0000000000D+00           
       0.0000000000D+00       0.0000000000D+00       0.1000000000D+01           
       0.0000000000D+00       0.0000000000D+00                                  
                                                                                
       0.0000000000D+00       0.0000000000D+00       0.0000000000D+00           
       0.0000000000D+00       0.0000000000D+00       0.0000000000D+00           
       0.0000000000D+00       0.0000000000D+00       0.0000000000D+00           
       0.0000000000D+00       0.0000000000D+00       0.0000000000D+00           
       0.1000000000D+01       0.0000000000D+00                                  
                                                                                
       0.0000000000D+00       0.0000000000D+00       0.0000000000D+00           
       0.0000000000D+00       0.0000000000D+00       0.0000000000D+00           
       0.0000000000D+00       0.0000000000D+00       0.0000000000D+00           
       0.0000000000D+00       0.0000000000D+00       0.0000000000D+00           
       0.0000000000D+00       0.1000000000D+01                                  
                                                                                
       0.0000000000D+00       0.0000000000D+00       0.0000000000D+00           
       0.0000000000D+00       0.0000000000D+00       0.0000000000D+00           
       0.0000000000D+00       0.0000000000D+00       0.0000000000D+00           
       0.0000000000D+00       0.1000000000D+01       0.0000000000D+00           
       0.0000000000D+00       0.0000000000D+00                                  
                                                                                
       0.0000000000D+00       0.0000000000D+00       0.0000000000D+00           
       0.0000000000D+00       0.0000000000D+00       0.0000000000D+00           
       0.0000000000D+00       0.0000000000D+00       0.0000000000D+00           
       0.0000000000D+00       0.0000000000D+00       0.1000000000D+01           
       0.0000000000D+00       0.0000000000D+00                                  
                                                                                
       0.0000000000D+00       0.0000000000D+00       0.0000000000D+00           
       0.0000000000D+00       0.0000000000D+00       0.0000000000D+00           
       0.0000000000D+00       0.0000000000D+00       0.0000000000D+00           
       0.0000000000D+00       0.0000000000D+00       0.0000000000D+00           
       0.1000000000D+01       0.0000000000D+00                                  
                                                                                
       0.0000000000D+00       0.0000000000D+00       0.0000000000D+00           
       0.0000000000D+00       0.0000000000D+00       0.0000000000D+00           
       0.0000000000D+00       0.0000000000D+00       0.0000000000D+00           
       0.0000000000D+00       0.0000000000D+00       0.0000000000D+00           
       0.0000000000D+00       0.1000000000D+01                                  
                                                                                
 10.0000 10.00000                                                               
WFOUT                                                                           
     1     SPIN
    11     NUMBER OF OCCUPIED ORBITALS, EVALUES:
  -23.6860429012      -18.5394188183     -0.849795962084    
 -0.626803988849     -0.413181419101     -0.275193427391    
 -0.200277225869      0.281261078013E-01  0.281266682084E-01
  0.281269946986E-01  0.352371880260E-01
     1     NUMBER OF REPRESENTATIONS
    11   108
   1.00000000000       1.00000000000       1.00000000000    
   1.00000000000       1.00000000000       1.00000000000    
   1.00000000000      0.984040036760      0.984031233042    
  0.984026101840      0.479026286547E-01
  
  0.479425772203E-10  0.160326028713E-09  0.193238310771E-09
 -0.370811652627E-09 -0.154616931811E-09  0.399536132426E-15
 -0.111640516909E-10  0.189465559169E-15 -0.253271432947E-15
  0.181455617601E-11 -0.941117007113E-16  0.544931201508E-16
 -0.845483376589E-10  0.113121505270E-16 -0.186283935210E-16
 -0.226653081798E-10  0.142193551599E-20 -0.142398454321E-09
 -0.129750408082E-09 -0.641032742580E-10 -0.966972043313E-17
  0.284771421550E-18 -0.681962071283E-18  0.115860047304E-09
  0.113051528257E-09  0.899232406903E-10  0.428478541884E-16
 -0.196231944430E-18  0.553831051151E-18  0.238575571671E-10
  0.262050021025E-10  0.535798400803E-10 -0.397168121967E-17
  0.160862382478E-19 -0.641083378888E-19 -0.288908727125E-11
  0.872226804480E-11  0.122918401320E-09  0.309200631058E-10
  0.248294375429E-10  0.197180016367E-10  0.183820007829E-19
 -0.274481009772E-10 -0.163187135396E-10  0.121007668407E-18
 -0.402979725296E-10 -0.237026129050E-10 -0.482701392275E-19
  0.155954529883E-10  0.175207645086E-11 -0.318836880530E-11
  0.203082423105E-10  0.241838020226E-18  0.239079033720E-18
 -0.288904218981E-11  0.872227446785E-11  0.122918385304E-09
  0.309200568378E-10 -0.248294093817E-10  0.197178802322E-10
  0.729104737566E-18  0.274481354639E-10 -0.163187295478E-10
 -0.102587739500E-18  0.402979658478E-10 -0.237026097882E-10
  0.192049210377E-19  0.155954775793E-10  0.175209000566E-11
 -0.318837503842E-11 -0.203082491342E-10  0.984337021372E-19
  0.704484798526E-18   1.00007041460      0.974690027539E-04
 -0.286873866196E-04 -0.125061062718E-03 -0.383630676111E-04
 -0.452409621584E-12  0.174355830081E-05 -0.567277021425E-12
  0.200278764489E-12 -0.745305632370E-06  0.249463105112E-12
  0.275201568109E-14 -0.173861142369E-07  0.387502964956E-14
  0.471783491277E-14 -0.172829784657E-07  0.585884678020E-14
  0.555586764843E-03  0.555610854301E-03  0.555601958848E-03
  0.140831307744E-12  0.275746673686E-14  0.129293940670E-12
  0.283140395639E-04  0.283102193624E-04  0.283116318612E-04
 -0.211823503364E-13 -0.406685078346E-15 -0.193667817492E-13
  0.429285000476E-04  0.429287990114E-04  0.429286884276E-04
  0.164825636373E-14  0.314009325838E-16  0.150654441198E-14
  
  -1.00010495336     -0.513230871696E-03  0.757532556263E-03
 -0.533162732489E-03 -0.529410845648E-04 -0.260634806117E-09
 -0.658701001850E-02  0.132540584882E-09  0.156306709709E-09
  0.327837480696E-02 -0.513202916089E-10 -0.392377991765E-11
 -0.738931789179E-05 -0.388753845024E-11  0.136584136902E-11
  0.225647725930E-04 -0.108077956120E-11 -0.211200283626E-02
 -0.141327401271E-02  0.120722951883E-03  0.154424283815E-10
  0.134973394975E-15  0.861678937661E-11  0.952715877595E-03
  0.763489044231E-03  0.485750473861E-04  0.324255928806E-10
 -0.180661427418E-16 -0.408168100254E-11 -0.159998328473E-03
 -0.103173445804E-03 -0.247145713844E-04 -0.573441014039E-11
  0.418594878307E-18  0.336979020074E-12 -0.852854608588E-04
 -0.298856623910E-03  0.407869341819E-03  0.127291199514E-04
 -0.104821170965E-03 -0.700638412635E-04 -0.246559858737E-12
  0.563066035980E-03  0.358732943456E-03  0.121830044963E-11
 -0.902834637324E-04 -0.708703958151E-04 -0.240036965599E-12
 -0.304226441602E-03 -0.995534259521E-04 -0.173901779699E-04
 -0.337024503329E-03 -0.205194615422E-11 -0.145957489335E-11
 -0.852854496135E-04 -0.298856604290E-03  0.407869316158E-03
  0.127291195672E-04  0.104821166322E-03 -0.700638317751E-04
 -0.246554057617E-12 -0.563065991484E-03  0.358732902398E-03
  0.121829613178E-11  0.902834579092E-04 -0.708703917382E-04
 -0.240037376143E-12 -0.304226424049E-03 -0.995534046733E-04
 -0.173901790651E-04  0.337024460138E-03  0.205194120124E-11
 -0.145956743052E-11  0.894685408998E-10  0.289634545440E-09
  0.523230344952E-09 -0.613544458039E-09 -0.720031485825E-10
 -0.878457891476E-20 -0.102168983034E-09  0.904235831560E-19
  0.131371509734E-19  0.152800612436E-09 -0.135115423945E-18
 -0.619251023887E-20 -0.721023839664E-10  0.636376509987E-19
  0.167182995257E-20  0.194916082816E-10 -0.171714497827E-19
 -0.192245738437E-09 -0.195137511721E-09 -0.192228532319E-09
 -0.311494167227E-21  0.396774661970E-23  0.261198759386E-23
  0.311906774189E-09  0.313450970915E-09  0.311897586767E-09
  0.175496613391E-21 -0.700318116740E-25 -0.265338119463E-24
  0.110542878513E-09  0.110212503194E-09  0.110544843929E-09
 -0.415751474714E-22 -0.796642764068E-26 -0.214899400683E-23
  
 -0.616126424048E-02  0.858497313914     -0.168918225711E-01
 -0.180329544723E-01 -0.287551074035E-02  0.195190671627E-08
  0.309910877322     -0.223104245206E-08  0.611964171615E-09
 -0.147208150713E-02  0.270505137944E-09 -0.107834122486E-08
 -0.129873385722E-01  0.423018159161E-09 -0.772483714652E-10
 -0.214426967385E-02  0.199509500142E-09  0.309122898633E-01
  0.192709534670E-01 -0.189746658755E-01  0.791243308899E-08
  0.245545544066E-14  0.121177572358E-08 -0.131256211082E-02
 -0.440104922183E-03 -0.623245139921E-02  0.310733980770E-09
 -0.175662989636E-14 -0.148123799192E-08 -0.148506060463E-02
 -0.133239110958E-02 -0.132034254304E-02  0.336751490854E-10
 -0.988724239042E-15  0.114559940176E-08  0.437049251297    
 -0.760463041561E-02 -0.293928763721E-01 -0.153572065023E-01
 -0.220429147236E-01 -0.146231157891E-01 -0.115136873301E-09
 -0.177722624099E-01 -0.111412082638E-01  0.112873318312E-09
 -0.282300411035E-02 -0.170337087791E-02 -0.695168953416E-09
  0.354446137400E-02  0.287592973683E-03 -0.291109669621E-02
  0.739089947749E-02  0.738550073747E-10  0.474935809019E-09
  0.437049247591     -0.760462865982E-02 -0.293928802929E-01
 -0.153572065947E-01  0.220429137478E-01 -0.146231161125E-01
 -0.115136095393E-09  0.177722635803E-01 -0.111412081380E-01
  0.112873628649E-09  0.282300205299E-02 -0.170337025148E-02
 -0.695168641222E-09  0.354446264721E-02  0.287593664574E-03
 -0.291109598447E-02 -0.739089992033E-02 -0.738533564112E-10
  0.474934176113E-09 -0.176094407446E-09 -0.555177957739E-09
 -0.299548394595E-08  0.276289190642E-08  0.538292919767E-09
 -0.760028981963E-17  0.293031465047E-09  0.155018567147E-16
  0.162036252615E-16 -0.624307266072E-09 -0.326959018793E-16
 -0.111071478246E-16  0.427753687011E-09  0.222562077464E-16
  0.375761450316E-17 -0.144620470223E-09 -0.745749017981E-17
  0.675090753368E-09  0.706237003356E-09  0.674904093780E-09
 -0.173570410197E-17 -0.224568337517E-22 -0.722678615443E-20
 -0.133045056904E-08 -0.135160100149E-08 -0.133032381112E-08
  0.117877641281E-17  0.309672346720E-22  0.503242598078E-20
 -0.631810906212E-09 -0.625288349810E-09 -0.631849906605E-09
 -0.363421976514E-18 -0.777161271697E-23 -0.145236710665E-20
  
 -0.326844497217E-08 -0.108752647311E-07 -0.431416777813E-07
  0.707052524017E-07  0.486346217842E-07  0.238180636123E-14
  0.119019477654E-08  0.131006004138E-14  0.805711052735E-15
 -0.111322541188E-08  0.578340752479E-16 -0.578468868721E-15
  0.206760844093E-07 -0.132226841310E-16 -0.118126312153E-15
  0.737821848423E-08  0.223105415328E-16  0.161543935869E-07
  0.143115986393E-07  0.691470894101E-08  0.933228749357E-15
 -0.268458349657E-15  0.364188248591E-16 -0.188406401601E-07
 -0.182860571614E-07 -0.151713221990E-07  0.470879113394E-15
 -0.604410814921E-16  0.546912275361E-16 -0.494708620807E-08
 -0.543573063476E-08 -0.120415785363E-07 -0.299031597668E-15
 -0.219806759271E-16  0.442950781778E-16  0.311948566455E-09
 -0.121774604262E-08 -0.323684115221E-07 -0.109815385822E-07
 -0.323645293864E-08 -0.221755702831E-08  0.184382768223E-15
  0.499641553872E-08  0.269924766909E-08  0.110583784518E-15
  0.107800654791E-07  0.621007669113E-08  0.151608198176E-16
 -0.248804273908E-08  0.207224485132E-09  0.102695925407E-08
 -0.312880701524E-08  0.793160021340E-17 -0.369593011687E-17
  0.311945820107E-09 -0.121774607227E-08 -0.323684122933E-07
 -0.109815390005E-07  0.323645266252E-08 -0.221755693524E-08
  0.419924048188E-15 -0.499641502591E-08  0.269924746097E-08
 -0.107531307270E-15 -0.107800660432E-07  0.621007688827E-08
 -0.447009166597E-16 -0.248804267446E-08  0.207224391413E-09
  0.102695903580E-08  0.312880674960E-08 -0.229114133956E-16
 -0.142423685046E-16  0.873181464829E-03 -0.975004518118    
  0.825076836256E-02 -0.408436860797E-02 -0.472028010326E-02
  0.265832657323E-11 -0.765345123407E-04  0.768539568336E-11
  0.455356458105E-11  0.370126842178E-06  0.453228160630E-11
 -0.396489639740E-11 -0.241309530409E-05 -0.380282325576E-11
  0.851398814498E-12 -0.134129622762E-05  0.937358129282E-12
 -0.513506255336E-03 -0.513667788805E-03 -0.513605654830E-03
 -0.149245473495E-11 -0.320868793958E-13 -0.141657154524E-11
 -0.719404801391E-03 -0.719687145346E-03 -0.719586026478E-03
 -0.211379254465E-11 -0.434177233964E-13 -0.196194899739E-11
 -0.391482156102E-03 -0.391282227107E-03 -0.391355575570E-03
  0.703611163212E-13 -0.179639455504E-15 -0.308046326517E-13
  
 -0.118983690037E-08  0.220705505073E-08 -0.122554400939E-07
  0.358618092532E-08 -0.838469388020E-09  -1.32140026655    
 -0.145694926427E-07  0.329304086660E-13  0.996700878382E-02
 -0.106966712108E-07 -0.997474564113E-15  0.293315206639E-01
 -0.202467705517E-08 -0.671767073082E-15  0.509864011276E-02
 -0.363426480449E-09  0.682133171749E-16  0.180874322479E-08
  0.578249328535E-08  0.759402266069E-08 -0.120906840219    
  0.162569942791E-08  0.213994478900E-14 -0.171829877834E-07
 -0.443507624857E-08 -0.103177141777E-08 -0.118347357796E-01
 -0.449339462907E-09  0.617325723706E-15 -0.155069335492E-08
 -0.138549842103E-08 -0.103385708202E-08  0.322688433218E-03
  0.286482730877E-08 -0.101215353692E-14 -0.657288232824    
  0.113412973432E-02  0.255221248327E-01  0.197960353897E-01
  0.164746703159E-01  0.211162808057E-01  0.154882269551E-08
  0.107021919292E-01  0.189699301442E-01 -0.182919147462E-08
  0.263240021213E-02  0.404098130370E-02 -0.150167430529E-09
  0.654600697190E-03 -0.369126745082E-02  0.264313096269E-02
 -0.864421799553E-02  0.254249142951E-08  0.681589138829E-09
  0.657288223223     -0.113412050925E-02 -0.255221190546E-01
 -0.197960346091E-01  0.164746651527E-01 -0.211162749953E-01
 -0.154882516772E-08  0.107022071346E-01 -0.189699456592E-01
  0.182919472131E-08  0.263240063697E-02 -0.404098207294E-02
  0.150169899902E-09 -0.654595209000E-03  0.369127608347E-02
 -0.264313132570E-02 -0.864423134302E-02  0.254249447672E-08
 -0.681595548726E-09 -0.409047599249E-15 -0.351596244891E-14
 -0.787987884842E-14  0.730208880862E-14  0.152752093945E-14
  0.586441300984E-09  0.182923368109E-15 -0.402499470401E-20
 -0.170041145640E-08 -0.106126312327E-14  0.118185620043E-19
  0.124410523976E-08  0.787546672961E-15 -0.864356798742E-20
 -0.456749427859E-09 -0.290766119738E-15  0.317540658883E-20
  0.931074003433E-15  0.841179775533E-15  0.421408812750E-17
  0.909954897256E-10 -0.123484102644E-20  0.748456614942E-23
 -0.314234727007E-14 -0.320410164491E-14 -0.318995494297E-14
 -0.628352118928E-10  0.178096882926E-20  0.481935931676E-23
 -0.182704418053E-14 -0.181338685181E-14 -0.178259726709E-14
  0.207872935238E-10 -0.697261436141E-21 -0.371297401098E-24
  
 -0.293539388007E-02 -0.346262428013      0.920832464685E-03
 -0.345474305985E-01 -0.192590702866E-01 -0.124731089047E-07
   1.40639203258      0.277258334311E-07 -0.455681261723E-09
 -0.131002218056E-01 -0.261309047974E-08 -0.667077172731E-08
 -0.139709475855E-01 -0.968963238490E-10 -0.197580717478E-09
 -0.589951458323E-03 -0.216655902101E-09 -0.306329226133E-02
  0.380149596918E-01 -0.245658204064E-01 -0.131413859595E-07
 -0.352399699036E-14 -0.122063897046E-08 -0.116134851722E-01
  0.523827916335E-02 -0.221957009557E-02 -0.108453317708E-07
  0.183447174093E-14  0.116115762973E-08 -0.494484881883E-03
  0.167513382240E-02 -0.253192232343E-03 -0.886239185850E-09
  0.183909845391E-14 -0.239305432697E-08  0.370606563614    
  0.434635367311E-02 -0.920177054686E-02 -0.914010768376E-02
 -0.149922261870E-01  0.419306385491E-02 -0.266054634396E-09
 -0.199421888492E-01  0.306009763299E-02  0.930923631030E-09
 -0.404490203105E-02  0.352962928256E-02  0.994120458241E-09
  0.800388434377E-02 -0.287059396501E-02 -0.204942178304E-02
  0.244733828549E-02 -0.216283836054E-08 -0.146060407387E-08
  0.370606595269      0.434634985626E-02 -0.920178888978E-02
 -0.914010909294E-02  0.149922266138E-01  0.419306338780E-02
 -0.266055270293E-09  0.199421836444E-01  0.306010189222E-02
  0.930926596124E-09  0.404489471001E-02  0.352963175690E-02
  0.994121708636E-09  0.800388258095E-02 -0.287059004989E-02
 -0.204941908057E-02 -0.244733558723E-02  0.216284161679E-08
 -0.146060675795E-08 -0.762504585600E-08 -0.295674324525E-07
 -0.145016502574E-06  0.128504374408E-06  0.296829812527E-07
 -0.132681476097E-16  0.600489600719E-08  0.119293681878E-15
  0.741321980017E-16 -0.327007715701E-07 -0.614829724403E-15
 -0.558534692285E-16  0.245977731232E-07  0.461076225484E-15
  0.214621220179E-16 -0.943060225361E-08 -0.175985293491E-15
  0.306962514103E-07  0.314355586696E-07  0.306917295214E-07
 -0.448396413323E-17 -0.855317985830E-20 -0.328315556417E-18
 -0.625706502243E-07 -0.630836237984E-07 -0.625675133165E-07
  0.312038197060E-17  0.181919953511E-20  0.242933514169E-18
 -0.314608158355E-07 -0.312862197121E-07 -0.314618847965E-07
 -0.107341045149E-17 -0.869262965938E-21 -0.891263918588E-19
  
  0.500065362081E-09  0.119556101418E-07  0.466720929435E-08
 -0.196039000933E-07 -0.275502189106E-08  0.390060941136E-13
 -0.260687653307E-07   1.59090434265      0.353803919647E-14
  0.201590242433E-08 -0.108575267271E-02 -0.439222655349E-14
 -0.914746026651E-08 -0.233823291855E-02 -0.410779806092E-15
 -0.757837398569E-09  0.480654051190E-02 -0.384197986748E-08
 -0.341329463887E-08  0.522190334769E-09  0.515785656599E-14
 -0.684714009295E-08  0.616173722671E-01  0.422679958335E-08
  0.298479963672E-08  0.445009913403E-09 -0.824188307034E-15
 -0.926568953400E-08  0.104209825751E-01 -0.480916777450E-08
 -0.241321490144E-08  0.193425082851E-08 -0.259307373416E-14
 -0.571056623862E-10  0.355281021235E-02 -0.383576048321E-08
  0.328903996708E-08  0.928530907243E-08  0.533164967440E-09
  0.165079559989E-08  0.161187084293E-08  0.171396096449E-01
 -0.186944460613E-08 -0.225800207085E-08  0.222106751664E-01
 -0.298809183795E-08 -0.194747996484E-08  0.721800536133E-02
  0.208084561780E-08  0.236097144426E-08  0.270294331310E-08
 -0.136981543713E-08 -0.133625177819E-01 -0.945675604666E-02
 -0.383580270453E-08  0.328903108493E-08  0.928531440278E-08
  0.533168105507E-09 -0.165079863786E-08  0.161187041881E-08
  0.171396115966E-01  0.186944441437E-08 -0.225799848380E-08
  0.222106726644E-01  0.298809560785E-08 -0.194748284490E-08
  0.721800309372E-02  0.208084522441E-08  0.236096745259E-08
  0.270294018936E-08  0.136981202040E-08  0.133625094248E-01
 -0.945675141598E-02 -0.683556076174E-15 -0.207214042052E-14
 -0.134594459550E-13  0.119161122941E-13  0.286888201847E-14
 -0.788369056426E-21 -0.703712102763E-14  0.293778723953E-13
  0.133195589244E-20 -0.312466653769E-14  0.916587969522E-10
 -0.108112992001E-20  0.234841354928E-14 -0.699451852803E-10
  0.428041537499E-21 -0.982413680526E-15  0.275422045817E-10
  0.261970469543E-14  0.367737858238E-14  0.285648901898E-14
  0.655318602026E-22  0.123485863092E-20 -0.117321085450E-12
 -0.590962966402E-14 -0.621331494036E-14 -0.576897419361E-14
 -0.536098582370E-22 -0.103739468274E-20  0.815698374015E-13
 -0.293454134303E-14 -0.288433091552E-14 -0.293048187091E-14
  0.664250819342E-23  0.381408052548E-21 -0.272593750465E-13
  
  0.132058127671E-11 -0.527169592501E-10  0.313400916127E-10
 -0.572538147406E-10 -0.833580058871E-10 -0.221844298421E-06
 -0.101223935420E-09  0.834476972328E-16 -0.594125559553E-08
 -0.128223232542E-11 -0.510056979411E-16 -0.233505607961E-06
 -0.187909606907E-10  0.119789599995E-16 -0.108311240472E-06
 -0.126403384787E-10 -0.631571965819E-16 -0.953607549863E-11
 -0.124912212196E-10 -0.385116963497E-11 -0.644042418808E-07
  0.250938443064E-15 -0.506099551478E-15  0.143857096731E-10
  0.131276409856E-10  0.106377113208E-10  0.314723036070E-08
 -0.193937448889E-14  0.582539573928E-15  0.528750735552E-11
  0.485906275922E-11  0.111881429058E-10 -0.105600651874E-06
  0.822654857111E-16 -0.302308246494E-15  0.710355845379E-07
  0.339528682346E-07  0.255424238239E-06  0.192022419423E-06
  0.180318205169E-07  0.108281650151E-07 -0.557564185456E-15
 -0.278493390247E-07 -0.169593561633E-07  0.817474246812E-15
 -0.979367999825E-07 -0.867148006743E-07 -0.691182960704E-15
  0.334534376747E-07  0.291318953531E-07  0.192747320031E-07
  0.420653732539E-07 -0.155371892219E-14  0.371737428741E-16
 -0.709736865360E-07 -0.339511010119E-07 -0.255358720939E-06
 -0.191957404238E-06  0.180203849870E-07 -0.108210303593E-07
  0.447246581655E-15 -0.278492357775E-07  0.169585937609E-07
 -0.497689740028E-15 -0.979172471216E-07  0.867054845430E-07
  0.859104122044E-15 -0.334483797497E-07 -0.291301353983E-07
 -0.192751176867E-07  0.420607888566E-07 -0.163916175343E-14
  0.215203155699E-15  0.635620666890E-10  0.868161084663E-09
  0.141713499522E-08 -0.960437048747E-09 -0.557852207832E-09
   1.59922423667     -0.968277565518E-05 -0.333321467872E-06
  0.345619239818E-02 -0.209693427456E-07 -0.721319555304E-09
 -0.127693903180E-02  0.776568341937E-08  0.266903839618E-09
  0.138956401504E-01 -0.841459958985E-07 -0.289649990903E-08
 -0.134201901547E-09 -0.496646565248E-09 -0.134895439389E-09
  0.603828243744E-04 -0.462523992541E-11 -0.126866484954E-10
  0.513253111726E-09  0.654069498730E-09  0.516214391960E-09
 -0.232077966807E-04 -0.508882975622E-12  0.490155215529E-11
  0.382195506487E-09  0.267190681355E-09  0.379753817506E-09
  0.188187910435E-04  0.720881801137E-12 -0.395759177426E-11
  
  0.344124439438E-11 -0.137570404455E-09  0.816939171765E-10
 -0.149270147796E-09 -0.217413957184E-09 -0.463827656290E-13
 -0.264120025163E-09 -0.629335760677E-09 -0.131188751084E-14
 -0.332529912017E-11  0.129392577008E-09 -0.488434613892E-13
 -0.490040588368E-10 -0.757175902162E-10 -0.226758702213E-13
 -0.329714604717E-10  0.120692198682E-09 -0.248520171786E-10
 -0.325778680774E-10 -0.100394284523E-10 -0.136142830852E-13
  0.166461603799E-15  0.153339650442E-09  0.375128493236E-10
  0.342271866051E-10  0.277242916493E-10  0.651869290035E-15
  0.556114460307E-17 -0.151010594557E-09  0.137821233904E-10
  0.126604559033E-10  0.291682319228E-10 -0.221801093761E-13
  0.113830959217E-15  0.900601543838E-10  0.807801591947E-10
  0.230505904220E-11  0.854851279817E-10  0.848402116516E-10
  0.149171902165E-10  0.930302803479E-11 -0.657362829384E-10
 -0.125997720470E-12 -0.985018608058E-12  0.772001482309E-10
 -0.255119689542E-10 -0.121608905225E-10 -0.111299434416E-09
  0.659714353345E-11  0.229897347782E-11 -0.494300908486E-12
  0.597566538992E-11  0.247921496680E-10  0.368238133723E-12
  0.807504128660E-10  0.229086406226E-11  0.853779214820E-10
  0.847600782804E-10 -0.149096386871E-10  0.929849790042E-11
 -0.657362928922E-10  0.114424454178E-12 -0.977992283428E-12
  0.772001314252E-10  0.254709294904E-10 -0.121245942166E-10
 -0.111299330877E-09  0.658310122806E-11  0.228683944210E-11
 -0.502376268618E-12 -0.595791483125E-11 -0.247922689075E-10
  0.368481953822E-12  0.126389798427E-09  0.210987534818E-08
  0.288227949813E-08 -0.181200926638E-08 -0.126634577599E-08
  0.333171561073E-06 -0.252259959904E-04   1.59922821073    
  0.718943027981E-09 -0.545503512788E-07  0.345552341432E-02
 -0.265116303348E-09  0.201648378214E-07 -0.127618682636E-02
  0.289452020966E-08 -0.219191130937E-06  0.138950515437E-01
 -0.183013544404E-09 -0.112946441984E-08 -0.191378382799E-09
  0.125753765232E-10 -0.744610559432E-12  0.608569976943E-04
  0.998177204385E-09  0.136009224903E-08  0.100026057678E-08
 -0.483816352150E-11 -0.196585586714E-11 -0.235352906782E-04
  0.811139722521E-09  0.516448097067E-09  0.810518833977E-09
  0.392060013784E-11  0.192991030369E-11  0.189885159277E-04
  
  0.218350966462E-06 -0.872940273892E-05  0.518364832525E-05
 -0.947153939180E-05 -0.137955276388E-04  0.293753124763E-11
 -0.167594197878E-04  0.609531876746E-12 -0.143585650510E-12
 -0.211009290012E-06 -0.147244703652E-12  0.234899230014E-11
 -0.310942227660E-05  0.152605143871E-12  0.106306301969E-11
 -0.209212997506E-05  0.318891774948E-13 -0.157690910039E-05
 -0.206714783886E-05 -0.637021185440E-06  0.683444875057E-12
  0.112846117432E-14  0.365078391758E-12  0.238027394310E-05
  0.217178709134E-05  0.175916591643E-05 -0.118940490732E-12
 -0.141300757526E-15 -0.314405583001E-12  0.874510247127E-06
  0.803335768682E-06  0.185079281453E-05  0.112949176832E-11
 -0.741037906844E-16  0.174041606193E-12  0.512487636232E-05
  0.145813412478E-06  0.542082790858E-05  0.538083716427E-05
  0.946303745806E-06  0.590162442906E-06 -0.449216004553E-13
 -0.761285880596E-08 -0.622718379321E-07  0.694037093952E-13
 -0.161748837634E-05 -0.770480945195E-06 -0.172477642129E-12
  0.418163350068E-06  0.145497218049E-06 -0.316156133141E-07
  0.378606648220E-06 -0.117750864572E-12  0.189045336825E-13
  0.512487818670E-05  0.145814315191E-06  0.542083238569E-05
  0.538084127083E-05 -0.946304072832E-06  0.590162713531E-06
 -0.448965783922E-13  0.761330867678E-08 -0.622721478892E-07
  0.693834804461E-13  0.161749006404E-05 -0.770482544923E-06
 -0.172670236073E-12  0.418164013657E-06  0.145497982625E-06
 -0.316148845646E-07 -0.378607397005E-06  0.117677040247E-12
  0.188496909402E-13  0.642365803529E-05  0.126915234984E-03
  0.149781499306E-03 -0.870654938807E-04 -0.724216525234E-04
 -0.968291067384E-05  -1.59923044806     -0.252261229161E-04
 -0.208767580838E-07 -0.345515210207E-02 -0.544578260237E-07
  0.769019386638E-08  0.127577060501E-02  0.200894287812E-07
 -0.841163133178E-07 -0.138947195325E-01 -0.219161515287E-06
 -0.507427042909E-05 -0.650761157471E-04 -0.531112866364E-05
 -0.365079687405E-09  0.291003345794E-14 -0.955358972945E-09
  0.493777362592E-04  0.723219930471E-04  0.495413743291E-04
  0.142637761065E-09  0.380595382672E-14  0.371771425548E-09
  0.440450687285E-04  0.253625652390E-04  0.439602441399E-04
 -0.115954748117E-09 -0.240957787040E-15 -0.300254307197E-09
  
 -0.920974961713E-03  0.274339652422     -0.645345509116E-01
  0.148870545056      0.273989032259     -0.467312910434E-07
  0.480845144136     -0.177908502363E-07  0.540971250783E-08
  0.841779934119E-02  0.414748571622E-08 -0.245663357538E-07
  0.509135999120E-01 -0.442521248858E-08 -0.110866226415E-07
  0.415500065608E-01 -0.998235694166E-09  0.186609471723E-01
  0.355554253281E-01  0.613362585850E-02 -0.810703689836E-08
  0.881585854561E-14 -0.108266523652E-07 -0.339444155509E-01
 -0.285922188511E-01 -0.222101538557E-01  0.356766141081E-08
 -0.557698607576E-14  0.926583124224E-08 -0.133359088228E-01
 -0.105958991428E-01 -0.281102768964E-01 -0.132887265554E-07
  0.129779579247E-15 -0.521738080039E-08 -0.153520345024    
 -0.311591058064E-02 -0.908195681655E-01 -0.124369397996    
 -0.222694795304E-01 -0.136112582582E-01  0.133107704524E-08
 -0.823878653289E-02 -0.292887780493E-02 -0.205363164422E-08
  0.245941309377E-01  0.993772451502E-02  0.513534163556E-08
 -0.838642648578E-02 -0.520743048983E-02 -0.165917335554E-02
 -0.560343443484E-02  0.332010535628E-08 -0.551889732483E-09
 -0.153520372971     -0.311592401580E-02 -0.908196033707E-01
 -0.124369447066      0.222694826455E-01 -0.136112620343E-01
  0.133106855939E-08  0.823878394272E-02 -0.292887566579E-02
 -0.205362366111E-08 -0.245941428383E-01  0.993773872454E-02
  0.513533167334E-08 -0.838643304225E-02 -0.520744178286E-02
 -0.165918736864E-02  0.560344027096E-02 -0.332011048996E-08
 -0.551882523132E-09  0.392195630133E-06  0.174317059245E-05
  0.820228695667E-05 -0.685870643534E-05 -0.201458663934E-05
 -0.967270028431E-12 -0.611271948313E-04 -0.874035679806E-12
  0.260646680613E-13  0.161088099451E-05  0.240074764006E-13
 -0.223402575476E-13 -0.138076491499E-05 -0.205155322188E-13
  0.179713446144E-14  0.996827567335E-07  0.173955198080E-14
 -0.162360904252E-05 -0.165717568335E-05 -0.162341812383E-05
 -0.890384775738E-15  0.519613718727E-18  0.173331992666E-15
  0.342743028298E-05  0.345016820588E-05  0.342729676142E-05
  0.704909399295E-15 -0.150746335527E-18  0.101990962059E-16
  0.184821163401E-05  0.183942398814E-05  0.184826022023E-05
 -0.312186555814E-15  0.938855872219E-19 -0.291231633718E-16
