   3          TOTAL NUMBER OF ATOM TYPES
   8   8      ELECTRONIC AND NUCLEAR CHARGE
ALL           ALL-ELECTRON ATOM TYPE
   1          NUMBER OF ATOMS OF TYPE OXY
ALL-OXY001
EXTRABASIS    CONTROLS USAGE OF SUPPLEMENTARY BASIS FUNCTIONS
  13          NUMBER OF BARE GAUSSIANS
   5   4   3  NUMBER OF S,P,D FUNCTIONS
   0   0   1  SUPPLEMENTARY S,P,D FUNCTIONS
       0.6120995220D+05       0.9191660630D+04       0.2094692730D+04
       0.5935495900D+03       0.1936468550D+03       0.6977937380D+02
       0.2693975300D+02       0.1093418610D+02       0.4565711210D+01
       0.1884057180D+01       0.7553058400D+00       0.2915527400D+00
       0.1049174000D+00

       0.2484510850D+00       0.4640692010D+00       0.8000280060D+00
       0.1288259230D+01       0.1912301250D+01       0.2484317540D+01
       0.2565928310D+01       0.1710267850D+01       0.4862767820D+00
       0.2128629570D-01       0.3876386950D-03      -0.1273179470D-03
       0.1805300580D-04

      -0.5837699430D-01      -0.1091869670D+00      -0.1884255660D+00
      -0.3060803760D+00      -0.4627975500D+00      -0.6352657150D+00
      -0.7423516650D+00      -0.6508699470D+00      -0.2850338670D+00
       0.1945857910D+00       0.3001787390D+00       0.1205146690D+00
       0.7304580300D-02

       0.0000000000D+00       0.0000000000D+00       0.0000000000D+00
       0.0000000000D+00       0.0000000000D+00       0.0000000000D+00
       0.0000000000D+00       0.0000000000D+00       0.0000000000D+00
       0.0000000000D+00       0.1000000000D+01       0.0000000000D+00
       0.0000000000D+00

       0.0000000000D+00       0.0000000000D+00       0.0000000000D+00
       0.0000000000D+00       0.0000000000D+00       0.0000000000D+00
       0.0000000000D+00       0.0000000000D+00       0.0000000000D+00
       0.0000000000D+00       0.0000000000D+00       0.1000000000D+01
       0.0000000000D+00

       0.0000000000D+00       0.0000000000D+00       0.0000000000D+00
       0.0000000000D+00       0.0000000000D+00       0.0000000000D+00
       0.0000000000D+00       0.0000000000D+00       0.0000000000D+00
       0.0000000000D+00       0.0000000000D+00       0.0000000000D+00
       0.1000000000D+01

       0.4803085360D-01       0.7673145870D-01       0.1493385660D+00
       0.2241829500D+00       0.3683805400D+00       0.5002376060D+00
       0.6764937310D+00       0.7390674950D+00       0.7096321280D+00
       0.4954630190D+00       0.2131075530D+00       0.5731713790D-01
       0.6280915410D-02

       0.0000000000D+00       0.0000000000D+00       0.0000000000D+00
       0.0000000000D+00       0.0000000000D+00       0.0000000000D+00
       0.0000000000D+00       0.0000000000D+00       0.0000000000D+00
       0.0000000000D+00       0.1000000000D+01       0.0000000000D+00
       0.0000000000D+00

       0.0000000000D+00       0.0000000000D+00       0.0000000000D+00
       0.0000000000D+00       0.0000000000D+00       0.0000000000D+00
       0.0000000000D+00       0.0000000000D+00       0.0000000000D+00
       0.0000000000D+00       0.0000000000D+00       0.1000000000D+01
       0.0000000000D+00

       0.0000000000D+00       0.0000000000D+00       0.0000000000D+00
       0.0000000000D+00       0.0000000000D+00       0.0000000000D+00
       0.0000000000D+00       0.0000000000D+00       0.0000000000D+00
       0.0000000000D+00       0.0000000000D+00       0.0000000000D+00
       0.1000000000D+01

       0.0000000000D+00       0.0000000000D+00       0.0000000000D+00
       0.0000000000D+00       0.0000000000D+00       0.0000000000D+00
       0.0000000000D+00       0.0000000000D+00       0.0000000000D+00
       0.1000000000D+01       0.0000000000D+00       0.0000000000D+00
       0.0000000000D+00

       0.0000000000D+00       0.0000000000D+00       0.0000000000D+00
       0.0000000000D+00       0.0000000000D+00       0.0000000000D+00
       0.0000000000D+00       0.0000000000D+00       0.0000000000D+00
       0.0000000000D+00       0.1000000000D+01       0.0000000000D+00
       0.0000000000D+00

       0.0000000000D+00       0.0000000000D+00       0.0000000000D+00
       0.0000000000D+00       0.0000000000D+00       0.0000000000D+00
       0.0000000000D+00       0.0000000000D+00       0.0000000000D+00
       0.0000000000D+00       0.0000000000D+00       0.1000000000D+01
       0.0000000000D+00

       0.0000000000D+00       0.0000000000D+00       0.0000000000D+00
       0.0000000000D+00       0.0000000000D+00       0.0000000000D+00
       0.0000000000D+00       0.0000000000D+00       0.0000000000D+00
       0.0000000000D+00       0.0000000000D+00       0.0000000000D+00
       0.1000000000D+01

   1   1      ELECTRONIC AND NUCLEAR CHARGE
ALL           ALL-ELECTRON ATOM TYPE
   2          NUMBER OF ATOMS OF TYPE HYD
ALL-HYD001
ALL-HYD002
EXTRABASIS    CONTROLS USAGE OF SUPPLEMENTARY BASIS FUNCTIONS
   6          NUMBER OF BARE GAUSSIANS
   4   3   1  NUMBER OF S,P,D FUNCTIONS
   0   1   1  SUPPLEMENTARY S,P,D FUNCTIONS
       0.7784080190D+02       0.1153441740D+02       0.2613858140D+01
       0.7321663300D+00       0.2283819000D+00       0.7450697000D-01

       0.3765677010D-01       0.7036322570D-01       0.1131455390D+00
       0.1393935110D+00       0.1091635820D+00       0.3585699350D-01

       0.0000000000D+00       0.0000000000D+00       0.0000000000D+00
       0.1000000000D+01       0.0000000000D+00       0.0000000000D+00

       0.0000000000D+00       0.0000000000D+00       0.0000000000D+00
       0.0000000000D+00       0.1000000000D+01       0.0000000000D+00

       0.0000000000D+00       0.0000000000D+00       0.0000000000D+00
       0.0000000000D+00       0.0000000000D+00       0.1000000000D+01

       0.0000000000D+00       0.0000000000D+00       0.1000000000D+01
       0.0000000000D+00       0.0000000000D+00       0.0000000000D+00

       0.0000000000D+00       0.0000000000D+00       0.0000000000D+00
       0.1000000000D+01       0.0000000000D+00       0.0000000000D+00

       0.0000000000D+00       0.0000000000D+00       0.0000000000D+00
       0.0000000000D+00       0.1000000000D+01       0.0000000000D+00

       0.0000000000D+00       0.0000000000D+00       0.0000000000D+00
       0.0000000000D+00       0.0000000000D+00       0.1000000000D+01

       0.0000000000D+00       0.0000000000D+00       0.0000000000D+00
       0.1000000000D+01       0.0000000000D+00       0.0000000000D+00

       0.0000000000D+00       0.0000000000D+00       0.0000000000D+00
       0.0000000000D+00       0.1000000000D+01       0.0000000000D+00

   9   9.2    ELECTRONIC AND NUCLEAR CHARGE
ALL           ALL-ELECTRON ATOM TYPE
   1          NUMBER OF ATOMS OF TYPE FLU
ALL-FLU001
EXTRABASIS    CONTROLS USAGE OF SUPPLEMENTARY BASIS FUNCTIONS
  14          NUMBER OF BARE GAUSSIANS
   5   4   3  NUMBER OF S,P,D FUNCTIONS
   0   0   1  SUPPLEMENTARY S,P,D FUNCTIONS
       0.1231742220D+06       0.1865493160D+05       0.4284660370D+04
       0.1223150920D+04       0.4016733760D+03       0.1457852270D+03
       0.5694551760D+02       0.2349311190D+02       0.1003418550D+02
       0.4343769680D+01       0.1868203030D+01       0.7806879100D+00
       0.3149846100D+00       0.1181861600D+00

       0.2355763350D+00       0.4376225000D+00       0.7524712120D+00
       0.1216638020D+01       0.1845316540D+01       0.2551384850D+01
       0.3004077050D+01       0.2682876730D+01       0.1405497250D+01
       0.2609771830D+00       0.2555561480D-02       0.7546130340D-03
      -0.1646029690D-03       0.2082887950D-04

      -0.5583942250D-01      -0.1035858050D+00      -0.1788144750D+00
      -0.2894265580D+00      -0.4466115800D+00      -0.6343658820D+00
      -0.8145208580D+00      -0.8538368980D+00      -0.6447789780D+00
      -0.1142431720D+00       0.3167190590D+00       0.3041863400D+00
       0.1005780670D+00       0.4817488440D-02

       0.0000000000D+00       0.0000000000D+00       0.0000000000D+00
       0.0000000000D+00       0.0000000000D+00       0.0000000000D+00
       0.0000000000D+00       0.0000000000D+00       0.0000000000D+00
       0.0000000000D+00       0.0000000000D+00       0.1000000000D+01
       0.0000000000D+00       0.0000000000D+00

       0.0000000000D+00       0.0000000000D+00       0.0000000000D+00
       0.0000000000D+00       0.0000000000D+00       0.0000000000D+00
       0.0000000000D+00       0.0000000000D+00       0.0000000000D+00
       0.0000000000D+00       0.0000000000D+00       0.0000000000D+00
       0.1000000000D+01       0.0000000000D+00

       0.0000000000D+00       0.0000000000D+00       0.0000000000D+00
       0.0000000000D+00       0.0000000000D+00       0.0000000000D+00
       0.0000000000D+00       0.0000000000D+00       0.0000000000D+00
       0.0000000000D+00       0.0000000000D+00       0.0000000000D+00
       0.0000000000D+00       0.1000000000D+01

       0.4900854750D-01       0.9059901630D-01       0.1569389330D+00
       0.2549422150D+00       0.3969983700D+00       0.5817501900D+00
       0.7854593500D+00       0.9713952850D+00       0.1017485400D+01
       0.8881348760D+00       0.5325776020D+00       0.2097448310D+00
       0.5358788830D-01       0.5596492130D-02

       0.0000000000D+00       0.0000000000D+00       0.0000000000D+00
       0.0000000000D+00       0.0000000000D+00       0.0000000000D+00
       0.0000000000D+00       0.0000000000D+00       0.0000000000D+00
       0.0000000000D+00       0.0000000000D+00       0.1000000000D+01
       0.0000000000D+00       0.0000000000D+00

       0.0000000000D+00       0.0000000000D+00       0.0000000000D+00
       0.0000000000D+00       0.0000000000D+00       0.0000000000D+00
       0.0000000000D+00       0.0000000000D+00       0.0000000000D+00
       0.0000000000D+00       0.0000000000D+00       0.0000000000D+00
       0.1000000000D+01       0.0000000000D+00

       0.0000000000D+00       0.0000000000D+00       0.0000000000D+00
       0.0000000000D+00       0.0000000000D+00       0.0000000000D+00
       0.0000000000D+00       0.0000000000D+00       0.0000000000D+00
       0.0000000000D+00       0.0000000000D+00       0.0000000000D+00
       0.0000000000D+00       0.1000000000D+01

       0.0000000000D+00       0.0000000000D+00       0.0000000000D+00
       0.0000000000D+00       0.0000000000D+00       0.0000000000D+00
       0.0000000000D+00       0.0000000000D+00       0.0000000000D+00
       0.0000000000D+00       0.1000000000D+01       0.0000000000D+00
       0.0000000000D+00       0.0000000000D+00

       0.0000000000D+00       0.0000000000D+00       0.0000000000D+00
       0.0000000000D+00       0.0000000000D+00       0.0000000000D+00
       0.0000000000D+00       0.0000000000D+00       0.0000000000D+00
       0.0000000000D+00       0.0000000000D+00       0.1000000000D+01
       0.0000000000D+00       0.0000000000D+00

       0.0000000000D+00       0.0000000000D+00       0.0000000000D+00
       0.0000000000D+00       0.0000000000D+00       0.0000000000D+00
       0.0000000000D+00       0.0000000000D+00       0.0000000000D+00
       0.0000000000D+00       0.0000000000D+00       0.0000000000D+00
       0.1000000000D+01       0.0000000000D+00

       0.0000000000D+00       0.0000000000D+00       0.0000000000D+00
       0.0000000000D+00       0.0000000000D+00       0.0000000000D+00
       0.0000000000D+00       0.0000000000D+00       0.0000000000D+00
       0.0000000000D+00       0.0000000000D+00       0.0000000000D+00
       0.0000000000D+00       0.1000000000D+01

ELECTRONS
WFOUT
