           4
   0.0000000000000000        0.0000000000000000        0.0000000000000000     
          21           1
   7.0294657999999996E-002  -1.7251152455566945     
  0.14058931599999999        2.5852741755931139     
  0.28117863199999998       -3.8706175403297669     
  0.56235726399999997        3.0923875800522107     
   1.1247145279999999       -4.6992942402956377     
   2.2494290559999999        1.9730604446783602     
   4.4988581119999997       -3.3913749459657754     
   8.9977162239999995        1.8931339699455441     
   17.995432447999999       -3.1935109149070313     
   35.990864895999998        1.7353303486287410     
   71.981729791999996       -2.2032448812352374     
   143.96345958399999        1.1116914498929771     
   287.92691916799998       -1.4050920545288208     
   575.85383833599997       0.87038529940740028     
   1151.7076766719999      -0.94984023291587072     
   2303.4153533439999       0.66402617964177901     
   4606.8307066879997      -0.66513093578180082     
   9213.6614133759995       0.49124839273735499     
   18427.322826751999      -0.44031565805018241     
   36854.645653503998       0.26590061893106254     
   73709.291307007996      -0.13116131095132275     
  
   1.4500000000000000        1.1200000000000001        0.0000000000000000     
          12           1
   4.9919669900000005E-002  -1.3281356011838126     
   9.9839339800000010E-002   1.8539870191301870     
  0.19967867960000002       -2.2551580076926721     
  0.39935735920000004        2.1016236394827348     
  0.79871471840000008       -2.1050034910675435     
   1.5974294368000002        1.6531163385072201     
   3.1948588736000003       -1.4996051898131810     
   6.3897177472000006        1.1274046027698590     
   12.779435494400001      -0.85906469849579903     
   25.558870988800003       0.51200182900164892     
   51.117741977600005      -0.23682380870091924     
   102.23548395520001        4.0663027584677235E-002
  
  -1.4500000000000000        1.1200000000000001        0.0000000000000000     
          12           1
   4.9919669900000005E-002  -1.3281356011838126     
   9.9839339800000010E-002   1.8539870191301870     
  0.19967867960000002       -2.2551580076926721     
  0.39935735920000004        2.1016236394827348     
  0.79871471840000008       -2.1050034910675435     
   1.5974294368000002        1.6531163385072201     
   3.1948588736000003       -1.4996051898131810     
   6.3897177472000006        1.1274046027698590     
   12.779435494400001      -0.85906469849579903     
   25.558870988800003       0.51200182900164892     
   51.117741977600005      -0.23682380870091924     
   102.23548395520001        4.0663027584677235E-002
  
   0.0000000000000000        20.000000000000000        0.0000000000000000     
          22           1
   7.9184727199999999E-002  -1.5648113724044070     
  0.15836945440000000        2.2173434619534382     
  0.31673890880000000       -3.3899710117932269     
  0.63347781759999999        2.5882881736152195     
   1.2669556352000000       -4.3289748382162374     
   2.5339112704000000        1.3011394509538676     
   5.0678225407999999       -3.3615738329786473     
   10.135645081600000        1.6313307184658066     
   20.271290163200000       -2.9528775131878047     
   40.542580326400000        1.2021823752251295     
   81.085160652799999       -1.7912400975099523     
   162.17032130560000       0.68539814744294625     
   324.34064261120000       -1.1193735555700914     
   648.68128522239999       0.57558862711834935     
   1297.3625704448000      -0.71915188873562519     
   2594.7251408896000       0.42245320178457613     
   5189.4502817791999      -0.43759039175488118     
   10378.900563558400       0.23595829706013730     
   20757.801127116800      -0.17893585519480895     
   41515.602254233600        2.0912023539097855E-002
   83031.204508467199        2.6574678032535846E-002
   166062.40901693440       -5.5172628127531528E-002
  
 TO USE THE STARTING POTENTIAL FEATURE, RENAME
 STRTS/STRTSP TO STPOTUP/STPOTDN AND RERUN
