  IT          TRACE                ETOT                 EKIN+ENONLOC          CHARGE              EDFT+SIC              LOWEST
   1        -95.459958946       -174.956763231        178.519612498         19.999999329       -174.956763231       -174.956763231
   2        -85.333206692       -159.965764514        157.232890620         20.000002883       -159.965764514       -174.956763231
   3        -89.700231545       -174.952737834        174.566504266         19.999999694       -174.952737834       -174.956763231
   4        -89.527241443       -175.085855658        174.593979995         19.999999728       -175.085855658       -175.085855658
   5        -89.111439787       -175.165945260        174.192967692         19.999999751       -175.165945260       -175.165945260
   6        -89.467229420       -175.143457484        174.364510841         19.999999754       -175.143457484       -175.165945260
   7        -88.808583748       -173.588820462        169.680343223         20.000000016       -173.588820462       -175.165945260
   8        -89.040825753       -173.633604746        170.136779100         19.999999999       -173.633604746       -175.165945260
   9        -89.844415036       -175.127494355        175.883228537         19.999999760       -175.127494355       -175.165945260
  10        -89.405678243       -175.153082513        175.104040765         19.999999751       -175.153082513       -175.165945260
  11        -89.307032163       -175.157433944        175.028451252         19.999999749       -175.157433944       -175.165945260
  12        -89.223034380       -175.161080403        174.903280169         19.999999747       -175.161080403       -175.165945260
  13        -89.141881825       -175.164448052        174.783620586         19.999999745       -175.164448052       -175.165945260
  14        -89.020072691       -175.168228375        174.583682999         19.999999741       -175.168228375       -175.168228375
  15        -88.967339407       -175.169320402        174.499239972         19.999999739       -175.169320402       -175.169320402
  16        -88.939962901       -173.617856308        169.856981631         20.000000033       -173.617856308       -175.169320402
  17        -89.844081901       -175.122664989        175.679521463         19.999999762       -175.122664989       -175.169320402
  18        -89.402354515       -175.153741914        175.191040482         19.999999752       -175.153741914       -175.169320402
  19        -89.219941715       -175.162040625        174.874412950         19.999999748       -175.162040625       -175.169320402
  20        -89.110701628       -175.166017840        174.725203260         19.999999744       -175.166017840       -175.169320402
  21        -88.998511624       -175.168824095        174.548650091         19.999999740       -175.168824095       -175.169320402
  22        -88.949103673       -173.584480163        169.879678084         20.000000040       -173.584480163       -175.169320402
  23        -90.145055252       -175.099658139        176.116601950         19.999999766       -175.099658139       -175.169320402
  24        -89.278798400       -175.159963971        175.000514148         19.999999748       -175.159963971       -175.169320402
  25        -89.026883041       -175.168238589        174.584136182         19.999999741       -175.168238589       -175.169320402
  26        -88.957776537       -175.169511604        174.479201240         19.999999738       -175.169511604       -175.169511604
  27        -88.940711539       -173.608493127        169.863092477         20.000000030       -173.608493127       -175.169511604
  28        -90.932079201       -175.027692171        176.638567995         19.999999779       -175.027692171       -175.169511604
  29        -89.923287681       -175.121411421        175.928155403         19.999999764       -175.121411421       -175.169511604
  30        -89.277418129       -175.160367658        174.962911820         19.999999748       -175.160367658       -175.169511604
  31        -89.092445381       -175.166767378        174.682868509         19.999999742       -175.166767378       -175.169511604
  32        -88.979084446       -175.169298910        174.459978476         19.999999740       -175.169298910       -175.169511604
  33        -88.836156396       -173.561561909        169.658951464         20.000000038       -173.561561909       -175.169511604
  34        -89.071929168       -175.167268651        174.650856212         19.999999742       -175.167268651       -175.169511604
  35        -89.061976148       -175.167479963        174.638166510         19.999999742       -175.167479963       -175.169511604
  36        -89.033810900       -175.167972827        174.612275026         19.999999741       -175.167972827       -175.169511604
  37        -89.029675435       -175.168075081        174.605839290         19.999999741       -175.168075081       -175.169511604
  38        -89.012827512       -175.168466728        174.577928991         19.999999740       -175.168466728       -175.169511604
  39        -88.996189468       -175.168809730        174.550528553         19.999999740       -175.168809730       -175.169511604
  40        -88.954584186       -175.171320794        174.372891268         19.999999746       -175.171320794       -175.171320794
  41        -88.962942791       -175.169402740        174.493753197         19.999999738       -175.169402740       -175.171320794
  42        -88.944246360       -173.607179950        169.871617066         20.000000039       -173.607179950       -175.171320794
  43        -90.353513700       -175.087352839        176.044683132         19.999999769       -175.087352839       -175.171320794
  44        -89.572669152       -175.146017904        175.433903188         19.999999752       -175.146017904       -175.171320794
  45        -89.314747114       -175.158179697        175.052499018         19.999999749       -175.158179697       -175.171320794
  46        -89.077304696       -175.166743288        174.683632288         19.999999743       -175.166743288       -175.171320794
  47        -88.966659459       -175.169299620        174.460333610         19.999999741       -175.169299620       -175.171320794
  48        -88.828548915       -173.560561546        169.662099851         20.000000022       -173.560561546       -175.171320794
  49        -89.082129916       -175.166611204        174.693351456         19.999999743       -175.166611204       -175.171320794
  50        -89.074461724       -175.166855910        174.678914296         19.999999743       -175.166855910       -175.171320794
  51        -89.052358353       -175.167526781        174.640014514         19.999999741       -175.167526781       -175.171320794
  52        -89.048166265       -175.167635048        174.633712469         19.999999741       -175.167635048       -175.171320794
  53        -88.985035919       -175.169016068        174.532676853         19.999999739       -175.169016068       -175.171320794
  54        -88.944247298       -173.614794738        169.872408904         20.000000045       -173.614794738       -175.171320794
  55        -90.116235233       -175.096865257        175.988337079         19.999999771       -175.096865257       -175.171320794
  56        -89.081734760       -173.610924668        170.086164227         20.000000072       -173.610924668       -175.171320794
  57        -89.900235080       -175.121106488        175.727344842         19.999999759       -175.121106488       -175.171320794
  58        -89.569571921       -175.143766599        175.398339937         19.999999755       -175.143766599       -175.171320794
  59        -89.470168983       -175.149901648        175.247589626         19.999999754       -175.149901648       -175.171320794
  60        -89.346642652       -175.156466528        175.071407807         19.999999750       -175.156466528       -175.171320794
  61        -89.194708498       -175.163123503        174.850033004         19.999999746       -175.163123503       -175.171320794
  62        -89.033401149       -175.168209177        174.536808374         19.999999743       -175.168209177       -175.171320794
  63        -88.797150217       -173.568796703        169.585364404         20.000000075       -173.568796703       -175.171320794
  64        -89.173320642       -175.163920576        174.814740804         19.999999745       -175.163920576       -175.171320794
  65        -89.159914270       -175.164392198        174.794326642         19.999999745       -175.164392198       -175.171320794
  66        -89.114084992       -175.165845143        174.731431818         19.999999743       -175.165845143       -175.171320794
  67        -89.106388801       -175.166088572        174.720337532         19.999999743       -175.166088572       -175.171320794
  68        -89.063510948       -175.167323836        174.654145759         19.999999742       -175.167323836       -175.171320794
  69        -89.020491608       -175.168353079        174.587223293         19.999999740       -175.168353079       -175.171320794
  70        -88.949855076       -174.286406602        170.952568382         19.999999975       -174.286406602       -175.171320794
  71        -90.277227880       -175.090548214        176.042950589         19.999999769       -175.090548214       -175.171320794
  72        -89.398165282       -175.154049816        175.227779676         19.999999750       -175.154049816       -175.171320794
  73        -89.236009284       -175.161770406        174.925178043         19.999999746       -175.161770406       -175.171320794
  74        -89.110642312       -175.166117954        174.726093292         19.999999743       -175.166117954       -175.171320794
  75        -88.976078127       -175.171136901        174.248692001         19.999999757       -175.171136901       -175.171320794
  76        -88.982506171       -175.171598853        174.364619928         19.999999750       -175.171598853       -175.171598853
  77        -88.970397598       -175.161553994        173.951545152         19.999999782       -175.161553994       -175.171598853
  78        -88.981685412       -175.171322019        174.266351366         19.999999759       -175.171322019       -175.171598853
  79        -88.983956722       -175.170662323        174.218967767         19.999999765       -175.170662323       -175.171598853
  80        -88.990871728       -175.170585399        174.220222245         19.999999768       -175.170585399       -175.171598853
  81        -89.000212379       -175.171289722        174.277726742         19.999999767       -175.171289722       -175.171598853
  82        -89.003903641       -175.171471291        174.298820823         19.999999766       -175.171471291       -175.171598853
  83        -89.010758459       -175.171588403        174.322519432         19.999999767       -175.171588403       -175.171598853
  84        -89.011511526       -175.171607612        174.327853714         19.999999767       -175.171607612       -175.171607612
  85        -89.011593507       -175.171617941        174.330721026         19.999999766       -175.171617941       -175.171617941
  86        -89.011678789       -175.171616577        174.330205568         19.999999766       -175.171616577       -175.171617941
  87        -89.012022717       -175.171612718        174.329101912         19.999999767       -175.171612718       -175.171617941
  88        -89.011964983       -175.171614289        174.329550121         19.999999767       -175.171614289       -175.171617941
  89        -89.011964457       -175.171614628        174.329650543         19.999999766       -175.171614628       -175.171617941
  90        -89.011989684       -175.171614526        174.329637625         19.999999766       -175.171614526       -175.171617941
  IT          TRACE                ETOT                 EKIN+ENONLOC          CHARGE              EDFT+SIC              LOWEST
   1        -95.459958946       -174.956763231        178.519612498         19.999999329       -174.956763231       -174.956763231
   2        -85.333205167       -159.965760272        157.232908178         20.000002883       -159.965760272       -174.956763231
   3        -89.700226224       -174.952737231        174.566497107         19.999999694       -174.952737231       -174.956763231
   4        -89.527237899       -175.085855477        174.593975947         19.999999728       -175.085855477       -175.085855477
   5        -89.111438935       -175.165945249        174.192967555         19.999999751       -175.165945249       -175.165945249
   6        -89.467227825       -175.143457329        174.364509539         19.999999754       -175.143457329       -175.165945249
   7        -88.808583611       -173.588821736        169.680343307         20.000000016       -173.588821736       -175.165945249
   8        -89.040830817       -173.633609687        170.136786579         19.999999999       -173.633609687       -175.165945249
   9        -89.866293345       -175.125966915        175.907046031         19.999999761       -175.125966915       -175.165945249
  10        -89.410103222       -175.152842118        175.110061428         19.999999751       -175.152842118       -175.165945249
  11        -89.308237993       -175.157366963        175.030565831         19.999999749       -175.157366963       -175.165945249
  12        -89.222336212       -175.161105046        174.901919939         19.999999747       -175.161105046       -175.165945249
  13        -89.140702909       -175.164489033        174.782307934         19.999999745       -175.164489033       -175.165945249
  14        -89.014926282       -175.168342709        174.575525555         19.999999741       -175.168342709       -175.168342709
  15        -88.963518665       -175.153382936        173.825775864         19.999999787       -175.153382936       -175.168342709
  16        -88.975271237       -175.092783756        173.315308791         19.999999829       -175.092783756       -175.168342709
  17        -89.054232851       -175.167593609        174.647150870         19.999999742       -175.167593609       -175.168342709
  18        -89.011888876       -175.168575334        174.563995161         19.999999740       -175.168575334       -175.168575334
  19        -88.999903848       -175.169633420        174.520951654         19.999999742       -175.169633420       -175.169633420
  20        -88.958898802       -173.813910822        170.132038364         20.000000078       -173.813910822       -175.169633420
  21        -90.141105140       -175.100013078        176.035135106         19.999999767       -175.100013078       -175.169633420
  22        -89.585806171       -175.142865137        175.444037895         19.999999758       -175.142865137       -175.169633420
  23        -89.249402793       -175.161096053        174.919926500         19.999999749       -175.161096053       -175.169633420
  24        -89.122720210       -175.165816685        174.730095760         19.999999744       -175.165816685       -175.169633420
  25        -89.029584196       -175.168309908        174.584181922         19.999999740       -175.168309908       -175.169633420
  26        -88.985158515       -175.171661997        174.328096016         19.999999754       -175.171661997       -175.171661997
  27        -88.957558642       -173.678423946        169.919379451         20.000000108       -173.678423946       -175.171661997
  28        -90.708122036       -175.049739085        176.551232839         19.999999777       -175.049739085       -175.171661997
  29        -89.640685636       -175.140859887        175.537641895         19.999999758       -175.140859887       -175.171661997
  30        -89.177354794       -175.164317617        174.800989007         19.999999745       -175.164317617       -175.171661997
  31        -89.085038240       -175.167086601        174.663858541         19.999999742       -175.167086601       -175.171661997
  32        -88.976809947       -175.169409311        174.451011740         19.999999740       -175.169409311       -175.171661997
  33        -88.845637229       -173.588431465        169.661899406         20.000000060       -173.588431465       -175.171661997
  34        -89.065576202       -175.167537463        174.634613845         19.999999741       -175.167537463       -175.171661997
  35        -89.054915513       -175.167752400        174.621243765         19.999999741       -175.167752400       -175.171661997
  36        -89.023848194       -175.168257660        174.593587574         19.999999741       -175.168257660       -175.171661997
  37        -89.020519294       -175.168324805        174.589051451         19.999999741       -175.168324805       -175.171661997
  38        -88.980083057       -175.170384012        174.469263073         19.999999743       -175.170384012       -175.171661997
  39        -88.977977544       -175.171216211        174.411303299         19.999999747       -175.171216211       -175.171661997
  40        -88.977990820       -175.171214226        174.411489549         19.999999747       -175.171214226       -175.171661997
  41        -88.973619823       -175.171553464        174.292781184         19.999999755       -175.171553464       -175.171661997
  42        -88.981032479       -175.170916179        174.436761066         19.999999746       -175.170916179       -175.171661997
  43        -88.971611914       -175.169771874        174.168582812         19.999999765       -175.169771874       -175.171661997
  44        -88.987600571       -175.170053800        174.490102188         19.999999743       -175.170053800       -175.171661997
  45        -88.971546535       -175.168199522        174.111966056         19.999999769       -175.168199522       -175.171661997
  46        -88.990313645       -175.169844324        174.501711969         19.999999742       -175.169844324       -175.171661997
  47        -88.932840373       -174.753903836        171.945756471         19.999999930       -174.753903836       -175.171661997
  48        -88.987641572       -175.170275826        174.478006112         19.999999744       -175.170275826       -175.171661997
  49        -88.985779909       -175.170766368        174.448302053         19.999999746       -175.170766368       -175.171661997
  50        -88.988302899       -175.169790139        174.501763145         19.999999742       -175.169790139       -175.171661997
  51        -88.988467052       -175.169591236        174.510625654         19.999999741       -175.169591236       -175.171661997
  52        -88.986356829       -175.162796471        173.987477541         19.999999795       -175.162796471       -175.171661997
  53        -89.002080340       -175.169107628        174.543486925         19.999999741       -175.169107628       -175.171661997
  54        -88.996022787       -175.171007829        174.440297473         19.999999750       -175.171007829       -175.171661997
  55        -88.993988848       -175.169623266        174.173341959         19.999999779       -175.169623266       -175.171661997
  56        -89.001162578       -175.170443142        174.479770412         19.999999747       -175.170443142       -175.171661997
  57        -88.996668123       -175.170086705        174.194880039         19.999999778       -175.170086705       -175.171661997
  58        -89.001896154       -175.171121217        174.434803609         19.999999752       -175.171121217       -175.171661997
  59        -88.998829012       -175.169692721        174.178305187         19.999999781       -175.169692721       -175.171661997
  60        -89.003763920       -175.171176261        174.430935162         19.999999752       -175.171176261       -175.171661997
  61        -89.000767909       -175.169962949        174.190949417         19.999999781       -175.169962949       -175.171661997
  62        -89.047333039       -175.168235773        174.621791518         19.999999742       -175.168235773       -175.171661997
  63        -89.015125356       -175.170957153        174.458673768         19.999999753       -175.170957153       -175.171661997
  64        -89.005071809       -175.171481408        174.298914705         19.999999769       -175.171481408       -175.171661997
  65        -89.007279366       -175.171627260        174.332085393         19.999999766       -175.171627260       -175.171661997
  66        -89.007800946       -175.171612165        174.326990430         19.999999767       -175.171612165       -175.171661997
  67        -89.011298187       -175.171600812        174.325646086         19.999999768       -175.171600812       -175.171661997
  68        -89.012105722       -175.171608591        174.328284928         19.999999768       -175.171608591       -175.171661997
  69        -89.011987253       -175.171621482        174.332297431         19.999999767       -175.171621482       -175.171661997
  70        -89.011974623       -175.171620938        174.332002846         19.999999768       -175.171620938       -175.171661997
  71        -89.011986712       -175.171617018        174.330484851         19.999999768       -175.171617018       -175.171661997
