     4 0.02 0.005     10.000000    10.000000  NAT,DX,DE,EUP,EDN
 300.0 0.0  1 6.0                             TEMP,WAVL,IBROAD,FWHM
            15.999400             1.007970             1.007970
            18.998400
                -175.1716170178     1 Energy and Symbol NCALC
           0.00000000           0.00000000           0.00000000   8   8
   0.000000000000D+00   0.000000000000D+00   0.000000000000D+00
           1.45000000           1.12000000           0.00000000   1   1
   0.000000000000D+00   0.000000000000D+00   0.000000000000D+00
          -1.45000000           1.12000000           0.00000000   1   1
   0.000000000000D+00   0.000000000000D+00   0.000000000000D+00
           0.00000000          20.00000000           0.00000000   9   9
   0.000000000000D+00   0.000000000000D+00   0.000000000000D+00
  -0.432824212027D-07   0.174695516196D+02  -0.289064981007D-07
   0.000000000000D+00   0.000000000000D+00   0.000000000000D+00
