   2          TOTAL NUMBER OF ATOM TYPES                                        
   8   8      ELECTRONIC AND NUCLEAR CHARGE                                     
ALL           ALL-ELECTRON ATOM TYPE                                            
   1          NUMBER OF ATOMS OF TYPE OXY                                       
 0.000000 0.000000 0.000000 UPO                                                 
 0                                                                              
  13          NUMBER OF BARE GAUSSIANS                                          
   5   4   3  NUMBER OF S,P,D FUNCTIONS                                         
   0   0   1  SUPPLEMENTARY S,P,D FUNCTIONS                                     
       0.61209952D+05       0.91916606D+04       0.20946927D+04                 
       0.59354959D+03       0.19364685D+03       0.69779374D+02                 
       0.26939753D+02       0.10934186D+02       0.45657112D+01                 
       0.18840572D+01       0.75530584D+00       0.29155274D+00                 
       0.10491740D+00                                                           
                                                                                
       0.24845108D+00       0.46406920D+00       0.80002801D+00                 
       0.12882592D+01       0.19123013D+01       0.24843175D+01                 
       0.25659283D+01       0.17102678D+01       0.48627678D+00                 
       0.21286296D-01       0.38763869D-03      -0.12731795D-03                 
       0.18053006D-04                                                           
                                                                                
      -0.58376994D-01      -0.10918697D+00      -0.18842557D+00                 
      -0.30608038D+00      -0.46279755D+00      -0.63526571D+00                 
      -0.74235167D+00      -0.65086995D+00      -0.28503387D+00                 
       0.19458579D+00       0.30017874D+00       0.12051467D+00                 
       0.73045803D-02                                                           
                                                                                
       0.00000000D+00       0.00000000D+00       0.00000000D+00                 
       0.00000000D+00       0.00000000D+00       0.00000000D+00                 
       0.00000000D+00       0.00000000D+00       0.00000000D+00                 
       0.00000000D+00       0.10000000D+01       0.00000000D+00                 
       0.00000000D+00                                                           
                                                                                
       0.00000000D+00       0.00000000D+00       0.00000000D+00                 
       0.00000000D+00       0.00000000D+00       0.00000000D+00                 
       0.00000000D+00       0.00000000D+00       0.00000000D+00                 
       0.00000000D+00       0.00000000D+00       0.10000000D+01                 
       0.00000000D+00                                                           
                                                                                
       0.00000000D+00       0.00000000D+00       0.00000000D+00                 
       0.00000000D+00       0.00000000D+00       0.00000000D+00                 
       0.00000000D+00       0.00000000D+00       0.00000000D+00                 
       0.00000000D+00       0.00000000D+00       0.00000000D+00                 
       0.10000000D+01                                                           
                                                                                
       0.48030854D-01       0.76731459D-01       0.14933857D+00                 
       0.22418295D+00       0.36838054D+00       0.50023761D+00                 
       0.67649373D+00       0.73906750D+00       0.70963213D+00                 
       0.49546302D+00       0.21310755D+00       0.57317138D-01                 
       0.62809154D-02                                                           
                                                                                
       0.00000000D+00       0.00000000D+00       0.00000000D+00                 
       0.00000000D+00       0.00000000D+00       0.00000000D+00                 
       0.00000000D+00       0.00000000D+00       0.00000000D+00                 
       0.00000000D+00       0.10000000D+01       0.00000000D+00                 
       0.00000000D+00                                                           
                                                                                
       0.00000000D+00       0.00000000D+00       0.00000000D+00                 
       0.00000000D+00       0.00000000D+00       0.00000000D+00                 
       0.00000000D+00       0.00000000D+00       0.00000000D+00                 
       0.00000000D+00       0.00000000D+00       0.10000000D+01                 
       0.00000000D+00                                                           
                                                                                
       0.00000000D+00       0.00000000D+00       0.00000000D+00                 
       0.00000000D+00       0.00000000D+00       0.00000000D+00                 
       0.00000000D+00       0.00000000D+00       0.00000000D+00                 
       0.00000000D+00       0.00000000D+00       0.00000000D+00                 
       0.10000000D+01                                                           
                                                                                
       0.00000000D+00       0.00000000D+00       0.00000000D+00                 
       0.00000000D+00       0.00000000D+00       0.00000000D+00                 
       0.00000000D+00       0.00000000D+00       0.00000000D+00                 
       0.10000000D+01       0.00000000D+00       0.00000000D+00                 
       0.00000000D+00                                                           
                                                                                
       0.00000000D+00       0.00000000D+00       0.00000000D+00                 
       0.00000000D+00       0.00000000D+00       0.00000000D+00                 
       0.00000000D+00       0.00000000D+00       0.00000000D+00                 
       0.00000000D+00       0.10000000D+01       0.00000000D+00                 
       0.00000000D+00                                                           
                                                                                
       0.00000000D+00       0.00000000D+00       0.00000000D+00                 
       0.00000000D+00       0.00000000D+00       0.00000000D+00                 
       0.00000000D+00       0.00000000D+00       0.00000000D+00                 
       0.00000000D+00       0.00000000D+00       0.10000000D+01                 
       0.00000000D+00                                                           
                                                                                
       0.00000000D+00       0.00000000D+00       0.00000000D+00                 
       0.00000000D+00       0.00000000D+00       0.00000000D+00                 
       0.00000000D+00       0.00000000D+00       0.00000000D+00                 
       0.00000000D+00       0.00000000D+00       0.00000000D+00                 
       0.10000000D+01                                                           
                                                                                
   1   1      ELECTRONIC AND NUCLEAR CHARGE                                     
ALL           ALL-ELECTRON ATOM TYPE                                            
   1          NUMBER OF ATOMS OF TYPE HYD                                       
 1.454395 1.118381 0.000000 UPO                                                 
 0                                                                              
   6          NUMBER OF BARE GAUSSIANS                                          
   4   3   1  NUMBER OF S,P,D FUNCTIONS                                         
   0   1   1  SUPPLEMENTARY S,P,D FUNCTIONS                                     
       0.77840802D+02       0.11534417D+02       0.26138581D+01                 
       0.73216633D+00       0.22838190D+00       0.74506970D-01                 
                                                                                
       0.37656770D-01       0.70363226D-01       0.11314554D+00                 
       0.13939351D+00       0.10916358D+00       0.35856994D-01                 
                                                                                
       0.00000000D+00       0.00000000D+00       0.00000000D+00                 
       0.10000000D+01       0.00000000D+00       0.00000000D+00                 
                                                                                
       0.00000000D+00       0.00000000D+00       0.00000000D+00                 
       0.00000000D+00       0.10000000D+01       0.00000000D+00                 
                                                                                
       0.00000000D+00       0.00000000D+00       0.00000000D+00                 
       0.00000000D+00       0.00000000D+00       0.10000000D+01                 
                                                                                
       0.00000000D+00       0.00000000D+00       0.10000000D+01                 
       0.00000000D+00       0.00000000D+00       0.00000000D+00                 
                                                                                
       0.00000000D+00       0.00000000D+00       0.00000000D+00                 
       0.10000000D+01       0.00000000D+00       0.00000000D+00                 
                                                                                
       0.00000000D+00       0.00000000D+00       0.00000000D+00                 
       0.00000000D+00       0.10000000D+01       0.00000000D+00                 
                                                                                
       0.00000000D+00       0.00000000D+00       0.00000000D+00                 
       0.00000000D+00       0.00000000D+00       0.10000000D+01                 
                                                                                
       0.00000000D+00       0.00000000D+00       0.00000000D+00                 
       0.10000000D+01       0.00000000D+00       0.00000000D+00                 
                                                                                
       0.00000000D+00       0.00000000D+00       0.00000000D+00                 
       0.00000000D+00       0.10000000D+01       0.00000000D+00                 
                                                                                
 5.00000 5.00000                                                                
WFOUT                                                                           
     1     SPIN
     5     NUMBER OF OCCUPIED ORBITALS, EVALUES:
  -18.6103813998     -0.920145508830     -0.343542357449    
 -0.483764218949     -0.269310750928    
     4     NUMBER OF REPRESENTATIONS
     3    32
   1.00000000000       1.00000000000       1.00000000000    
  
   1.00011584809      0.519303991945E-03 -0.771940850846E-03
  0.532433399360E-03  0.549539666481E-04  0.683191583539E-02
 -0.339810379787E-02  0.981376511491E-05 -0.234744334148E-04
  0.215544001247E-02  0.146526759734E-02 -0.102388115590E-03
 -0.960158965780E-03 -0.765271622944E-03 -0.294637250077E-04
  0.168804649233E-03  0.109454804212E-03  0.281336674474E-04
  0.128299755460E-03  0.432705319593E-03 -0.601410562864E-03
 -0.186352313329E-04  0.155628611129E-03  0.101176674404E-03
 -0.822465766726E-03 -0.519926437914E-03  0.133770554142E-03
  0.104114502555E-03  0.447857355453E-03  0.145062904265E-03
  0.264977749729E-04  0.490874312502E-03
  
 -0.614357302636E-02  0.857916341114     -0.168323147669E-01
 -0.181443887373E-01 -0.297978782003E-02  0.313571913971    
 -0.137748106060E-02 -0.129938849028E-01 -0.214998179555E-02
  0.307362050487E-01  0.194026145593E-01 -0.192624110872E-01
 -0.135390579894E-02 -0.417464129924E-03 -0.635902973183E-02
 -0.151673575581E-02 -0.133504971024E-02 -0.134506034005E-02
  0.618383259030     -0.105731824812E-01 -0.413611086383E-01
 -0.217628942595E-01 -0.310876053379E-01 -0.204649761834E-01
 -0.252777858826E-01 -0.156244070334E-01 -0.412745689009E-02
 -0.237688810649E-02  0.516716807001E-02  0.432608171354E-03
 -0.407834924680E-02  0.104351457267E-01
  
 -0.305504683438E-02 -0.351028923593     -0.103424720280E-02
 -0.356759005895E-01 -0.182855327809E-01   1.40635378744    
 -0.130735367962E-01 -0.149896088852E-01 -0.105752828168E-02
 -0.327989471882E-02  0.392032138749E-01 -0.245217433236E-01
 -0.125475981644E-01  0.464341402389E-02 -0.292677587744E-02
 -0.122152475542E-02  0.108321450579E-02 -0.892761303625E-03
  0.522157604560      0.628535875607E-02 -0.102857122029E-01
 -0.130330040190E-01 -0.208639801548E-01  0.629986633080E-02
 -0.283639570383E-01  0.455456121844E-02 -0.668417191286E-02
  0.505696781376E-02  0.115677979688E-01 -0.416358166319E-02
 -0.303905031756E-02  0.342379668572E-02
     1    21
   1.00000000000    
  
   1.32046472210     -0.101033310282E-01 -0.298105530821E-01
 -0.529276564618E-02  0.122022600954      0.119879964834E-01
 -0.326586579816E-03  0.931942144715     -0.126557327035E-02
 -0.348879816578E-01 -0.285281334525E-01 -0.233696027831E-01
 -0.295189136385E-01 -0.154339354609E-01 -0.268328900795E-01
 -0.417239440134E-02 -0.565242077978E-02 -0.773180440936E-03
  0.518261576854E-02 -0.379025417354E-02  0.124135728207E-01
     1    12
   1.00000000000    
  
   1.59462305684     -0.168275832872E-02 -0.188615847078E-02
  0.420230283641E-02  0.636716680352E-01  0.105702455691E-01
  0.399858731617E-02  0.244150756517E-01  0.312815105858E-01
  0.106273232132E-01 -0.191512337276E-01 -0.132140208589E-01
     0     8

