  IT          TRACE                ETOT                 EKIN+ENONLOC          CHARGE              EDFT+SIC              LOWEST
   1        -42.233815120        -75.809686039         76.315820869         10.000000587        -75.809686039        -75.809686039
   2        -39.692026599        -75.712575314         72.510691249          9.999999560        -75.712575314        -75.809686039
   3        -40.370919933        -75.839555284         73.900008095          9.999999698        -75.839555284        -75.839555284
   4        -40.953016777        -75.872837730         75.042508997          9.999999786        -75.872837730        -75.872837730
   5        -41.046040048        -75.873057662         75.226814766          9.999999797        -75.873057662        -75.873057662
   6        -41.008790839        -75.873235241         75.161668220          9.999999789        -75.873235241        -75.873235241
   7        -41.003918984        -75.873237997         75.152704718          9.999999788        -75.873237997        -75.873237997
   8        -41.003700294        -75.873239000         75.153134075          9.999999785        -75.873239000        -75.873239000
   9        -41.003939878        -75.873239020         75.153463912          9.999999785        -75.873239020        -75.873239020
  10        -41.004429018        -75.873239039         75.153715377          9.999999785        -75.873239039        -75.873239039
  11        -41.004481180        -75.873239039         75.153757542          9.999999785        -75.873239039        -75.873239039
  12        -41.004543075        -75.873239039         75.153815327          9.999999785        -75.873239039        -75.873239039
  IT          TRACE                ETOT                 EKIN+ENONLOC          CHARGE              EDFT+SIC              LOWEST
   1          0.000000000        -75.885514112         75.196882205          9.999999801        -75.885514112        -75.885514112
   2        -41.206550270        -75.886049489         75.458519494          9.999999823        -75.886049489        -75.886049489
   3        -40.895190272        -75.884040706         74.933620624          9.999999758        -75.884040706        -75.886049489
   4        -40.987697532        -75.885914913         75.104619731          9.999999780        -75.885914913        -75.886049489
   5        -41.088704559        -75.886600569         75.289291313          9.999999803        -75.886600569        -75.886600569
   6        -41.090361020        -75.886600609         75.291456735          9.999999803        -75.886600609        -75.886600609
   7        -41.091173101        -75.886600793         75.290406115          9.999999802        -75.886600793        -75.886600793
   8        -41.091114538        -75.886600794         75.290250847          9.999999802        -75.886600794        -75.886600794
   9        -41.091183864        -75.886600794         75.290332377          9.999999802        -75.886600794        -75.886600794
  IT          TRACE                ETOT                 EKIN+ENONLOC          CHARGE              EDFT+SIC              LOWEST
   1          0.000000000        -75.892069606         75.403094146          9.999999344        -75.892069606        -75.892069606
   2        -41.519244597        -75.895286589         75.958887346          9.999999261        -75.895286589        -75.895286589
   3        -40.892168346        -75.889029195         74.960704618          9.999999223        -75.889029195        -75.895286589
   4        -41.062576598        -75.894971411         75.258957741          9.999999235        -75.894971411        -75.895286589
   5        -41.268529758        -75.897449087         75.613874768          9.999999250        -75.897449087        -75.897449087
   6        -41.272811349        -75.897449441         75.620132751          9.999999250        -75.897449441        -75.897449441
   7        -41.274716421        -75.897450037         75.619196450          9.999999250        -75.897450037        -75.897450037
   8        -41.274365806        -75.897450042         75.618604132          9.999999250        -75.897450042        -75.897450042
   9        -41.274515797        -75.897450044         75.618761361          9.999999250        -75.897450044        -75.897450044
  IT          TRACE                ETOT                 EKIN+ENONLOC          CHARGE              EDFT+SIC              LOWEST
   1          0.000000000        -75.901820175         75.566900857          9.999999099        -75.901820175        -75.901820175
   2        -41.210819567        -75.902315108         75.495019888          9.999999122        -75.902315108        -75.902315108
   3        -41.306891803        -75.902194643         75.641436945          9.999999126        -75.902194643        -75.902315108
   4        -41.281562577        -75.902318538         75.598155009          9.999999124        -75.902318538        -75.902318538
   5        -41.249414539        -75.902372764         75.543727410          9.999999122        -75.902372764        -75.902372764
   6        -41.249187269        -75.902373394         75.545021874          9.999999122        -75.902373394        -75.902373394
   7        -41.248893933        -75.902373405         75.544842816          9.999999122        -75.902373405        -75.902373405
   8        -41.248847073        -75.902373406         75.544920153          9.999999122        -75.902373406        -75.902373406
   9        -41.248844431        -75.902373406         75.544917214          9.999999122        -75.902373406        -75.902373406
  IT          TRACE                ETOT                 EKIN+ENONLOC          CHARGE              EDFT+SIC              LOWEST
   1          0.000000000        -75.900055810         75.444345903          9.999999527        -75.900055810        -75.900055810
   2        -41.140395061        -75.907993758         75.297063033          9.999999515        -75.907993758        -75.907993758
   3        -41.346751828        -75.907497667         75.609652105          9.999999523        -75.907497667        -75.907993758
   4        -41.292652020        -75.908080089         75.515475433          9.999999518        -75.908080089        -75.908080089
   5        -41.226104166        -75.908317218         75.401795996          9.999999513        -75.908317218        -75.908317218
   6        -41.224319070        -75.908324845         75.405743792          9.999999514        -75.908324845        -75.908324845
   7        -41.223245361        -75.908324900         75.404475977          9.999999514        -75.908324900        -75.908324900
   8        -41.223247918        -75.908324905         75.404649791          9.999999514        -75.908324905        -75.908324905
   9        -41.223224550        -75.908324905         75.404617046          9.999999514        -75.908324905        -75.908324905
  IT          TRACE                ETOT                 EKIN+ENONLOC          CHARGE              EDFT+SIC              LOWEST
   1          0.000000000        -75.908635282         75.448999135          9.999999324        -75.908635282        -75.908635282
   2        -41.280975637        -75.909160358         75.514126867          9.999999318        -75.909160358        -75.909160358
   3        -41.190315421        -75.909059495         75.378843107          9.999999314        -75.909059495        -75.909160358
   4        -41.213821094        -75.909169948         75.419622437          9.999999316        -75.909169948        -75.909169948
   5        -41.242847729        -75.909215412         75.468997155          9.999999318        -75.909215412        -75.909215412
   6        -41.244016162        -75.909216430         75.468450254          9.999999318        -75.909216430        -75.909216430
   7        -41.243931841        -75.909216439         75.468055630          9.999999318        -75.909216439        -75.909216439
   8        -41.243950048        -75.909216440         75.467969830          9.999999318        -75.909216440        -75.909216440
  IT          TRACE                ETOT                 EKIN+ENONLOC          CHARGE              EDFT+SIC              LOWEST
   1          0.000000000        -75.909301897         75.468402284          9.999999521        -75.909301897        -75.909301897
   2        -41.255170609        -75.909328479         75.483851423          9.999999517        -75.909328479        -75.909328479
   3        -41.239988495        -75.909323380         75.457475174          9.999999517        -75.909323380        -75.909328479
   4        -41.244605312        -75.909328294         75.465889318          9.999999517        -75.909328294        -75.909328479
   5        -41.249793670        -75.909330256         75.475368667          9.999999517        -75.909330256        -75.909330256
   6        -41.249770317        -75.909330262         75.475383968          9.999999517        -75.909330262        -75.909330262
   7        -41.249757721        -75.909330263         75.475372677          9.999999517        -75.909330263        -75.909330263
  IT          TRACE                ETOT                 EKIN+ENONLOC          CHARGE              EDFT+SIC              LOWEST
   1          0.000000000        -75.909341903         75.476891168          9.999999436        -75.909341903        -75.909341903
   2        -41.258833050        -75.909352099         75.488944238          9.999999435        -75.909352099        -75.909352099
   3        -41.246416712        -75.909348892         75.467925018          9.999999434        -75.909348892        -75.909352099
   4        -41.250089245        -75.909351917         75.474561993          9.999999434        -75.909351917        -75.909352099
   5        -41.254279086        -75.909353121         75.482127824          9.999999434        -75.909353121        -75.909353121
   6        -41.254285009        -75.909353122         75.482128374          9.999999434        -75.909353122        -75.909353122
   7        -41.254288472        -75.909353122         75.482117660          9.999999434        -75.909353122        -75.909353122
