   3          TOTAL NUMBER OF ATOM TYPES                                        
   8   8      ELECTRONIC AND NUCLEAR CHARGE                                     
ALL           ALL-ELECTRON ATOM TYPE                                            
   1          NUMBER OF ATOMS OF TYPE OXY                                       
 0.000000 0.000000 0.000000 UPO                                                 
 0                                                                              
  13          NUMBER OF BARE GAUSSIANS                                          
   5   4   3  NUMBER OF S,P,D FUNCTIONS                                         
   0   0   1  SUPPLEMENTARY S,P,D FUNCTIONS                                     
       0.6120995220D+05       0.9191660630D+04       0.2094692730D+04           
       0.5935495900D+03       0.1936468550D+03       0.6977937380D+02           
       0.2693975300D+02       0.1093418610D+02       0.4565711210D+01           
       0.1884057180D+01       0.7553058400D+00       0.2915527400D+00           
       0.1049174000D+00                                                         
                                                                                
       0.2484510850D+00       0.4640692010D+00       0.8000280060D+00           
       0.1288259230D+01       0.1912301250D+01       0.2484317540D+01           
       0.2565928310D+01       0.1710267850D+01       0.4862767820D+00           
       0.2128629570D-01       0.3876386950D-03      -0.1273179470D-03           
       0.1805300580D-04                                                         
                                                                                
      -0.5837699430D-01      -0.1091869670D+00      -0.1884255660D+00           
      -0.3060803760D+00      -0.4627975500D+00      -0.6352657150D+00           
      -0.7423516650D+00      -0.6508699470D+00      -0.2850338670D+00           
       0.1945857910D+00       0.3001787390D+00       0.1205146690D+00           
       0.7304580300D-02                                                         
                                                                                
       0.0000000000D+00       0.0000000000D+00       0.0000000000D+00           
       0.0000000000D+00       0.0000000000D+00       0.0000000000D+00           
       0.0000000000D+00       0.0000000000D+00       0.0000000000D+00           
       0.0000000000D+00       0.1000000000D+01       0.0000000000D+00           
       0.0000000000D+00                                                         
                                                                                
       0.0000000000D+00       0.0000000000D+00       0.0000000000D+00           
       0.0000000000D+00       0.0000000000D+00       0.0000000000D+00           
       0.0000000000D+00       0.0000000000D+00       0.0000000000D+00           
       0.0000000000D+00       0.0000000000D+00       0.1000000000D+01           
       0.0000000000D+00                                                         
                                                                                
       0.0000000000D+00       0.0000000000D+00       0.0000000000D+00           
       0.0000000000D+00       0.0000000000D+00       0.0000000000D+00           
       0.0000000000D+00       0.0000000000D+00       0.0000000000D+00           
       0.0000000000D+00       0.0000000000D+00       0.0000000000D+00           
       0.1000000000D+01                                                         
                                                                                
       0.4803085360D-01       0.7673145870D-01       0.1493385660D+00           
       0.2241829500D+00       0.3683805400D+00       0.5002376060D+00           
       0.6764937310D+00       0.7390674950D+00       0.7096321280D+00           
       0.4954630190D+00       0.2131075530D+00       0.5731713790D-01           
       0.6280915410D-02                                                         
                                                                                
       0.0000000000D+00       0.0000000000D+00       0.0000000000D+00           
       0.0000000000D+00       0.0000000000D+00       0.0000000000D+00           
       0.0000000000D+00       0.0000000000D+00       0.0000000000D+00           
       0.0000000000D+00       0.1000000000D+01       0.0000000000D+00           
       0.0000000000D+00                                                         
                                                                                
       0.0000000000D+00       0.0000000000D+00       0.0000000000D+00           
       0.0000000000D+00       0.0000000000D+00       0.0000000000D+00           
       0.0000000000D+00       0.0000000000D+00       0.0000000000D+00           
       0.0000000000D+00       0.0000000000D+00       0.1000000000D+01           
       0.0000000000D+00                                                         
                                                                                
       0.0000000000D+00       0.0000000000D+00       0.0000000000D+00           
       0.0000000000D+00       0.0000000000D+00       0.0000000000D+00           
       0.0000000000D+00       0.0000000000D+00       0.0000000000D+00           
       0.0000000000D+00       0.0000000000D+00       0.0000000000D+00           
       0.1000000000D+01                                                         
                                                                                
       0.0000000000D+00       0.0000000000D+00       0.0000000000D+00           
       0.0000000000D+00       0.0000000000D+00       0.0000000000D+00           
       0.0000000000D+00       0.0000000000D+00       0.0000000000D+00           
       0.1000000000D+01       0.0000000000D+00       0.0000000000D+00           
       0.0000000000D+00                                                         
                                                                                
       0.0000000000D+00       0.0000000000D+00       0.0000000000D+00           
       0.0000000000D+00       0.0000000000D+00       0.0000000000D+00           
       0.0000000000D+00       0.0000000000D+00       0.0000000000D+00           
       0.0000000000D+00       0.1000000000D+01       0.0000000000D+00           
       0.0000000000D+00                                                         
                                                                                
       0.0000000000D+00       0.0000000000D+00       0.0000000000D+00           
       0.0000000000D+00       0.0000000000D+00       0.0000000000D+00           
       0.0000000000D+00       0.0000000000D+00       0.0000000000D+00           
       0.0000000000D+00       0.0000000000D+00       0.1000000000D+01           
       0.0000000000D+00                                                         
                                                                                
       0.0000000000D+00       0.0000000000D+00       0.0000000000D+00           
       0.0000000000D+00       0.0000000000D+00       0.0000000000D+00           
       0.0000000000D+00       0.0000000000D+00       0.0000000000D+00           
       0.0000000000D+00       0.0000000000D+00       0.0000000000D+00           
       0.1000000000D+01                                                         
                                                                                
   1   1      ELECTRONIC AND NUCLEAR CHARGE                                     
ALL           ALL-ELECTRON ATOM TYPE                                            
   1          NUMBER OF ATOMS OF TYPE HYD                                       
 1.450000 1.120000 0.000000 UPO                                                 
 0                                                                              
   6          NUMBER OF BARE GAUSSIANS                                          
   4   3   1  NUMBER OF S,P,D FUNCTIONS                                         
   0   1   1  SUPPLEMENTARY S,P,D FUNCTIONS                                     
       0.7784080190D+02       0.1153441740D+02       0.2613858140D+01           
       0.7321663300D+00       0.2283819000D+00       0.7450697000D-01           
                                                                                
       0.3765677010D-01       0.7036322570D-01       0.1131455390D+00           
       0.1393935110D+00       0.1091635820D+00       0.3585699350D-01           
                                                                                
       0.0000000000D+00       0.0000000000D+00       0.0000000000D+00           
       0.1000000000D+01       0.0000000000D+00       0.0000000000D+00           
                                                                                
       0.0000000000D+00       0.0000000000D+00       0.0000000000D+00           
       0.0000000000D+00       0.1000000000D+01       0.0000000000D+00           
                                                                                
       0.0000000000D+00       0.0000000000D+00       0.0000000000D+00           
       0.0000000000D+00       0.0000000000D+00       0.1000000000D+01           
                                                                                
       0.0000000000D+00       0.0000000000D+00       0.1000000000D+01           
       0.0000000000D+00       0.0000000000D+00       0.0000000000D+00           
                                                                                
       0.0000000000D+00       0.0000000000D+00       0.0000000000D+00           
       0.1000000000D+01       0.0000000000D+00       0.0000000000D+00           
                                                                                
       0.0000000000D+00       0.0000000000D+00       0.0000000000D+00           
       0.0000000000D+00       0.1000000000D+01       0.0000000000D+00           
                                                                                
       0.0000000000D+00       0.0000000000D+00       0.0000000000D+00           
       0.0000000000D+00       0.0000000000D+00       0.1000000000D+01           
                                                                                
       0.0000000000D+00       0.0000000000D+00       0.0000000000D+00           
       0.1000000000D+01       0.0000000000D+00       0.0000000000D+00           
                                                                                
       0.0000000000D+00       0.0000000000D+00       0.0000000000D+00           
       0.0000000000D+00       0.1000000000D+01       0.0000000000D+00           
                                                                                
   9   9      ELECTRONIC AND NUCLEAR CHARGE                                     
ALL           ALL-ELECTRON ATOM TYPE                                            
   1          NUMBER OF ATOMS OF TYPE FLU                                       
 0.000000 4.736064 0.000000 UPO                                                 
 0                                                                              
  14          NUMBER OF BARE GAUSSIANS                                          
   5   4   3  NUMBER OF S,P,D FUNCTIONS                                         
   0   0   1  SUPPLEMENTARY S,P,D FUNCTIONS                                     
       0.1231742220D+06       0.1865493160D+05       0.4284660370D+04           
       0.1223150920D+04       0.4016733760D+03       0.1457852270D+03           
       0.5694551760D+02       0.2349311190D+02       0.1003418550D+02           
       0.4343769680D+01       0.1868203030D+01       0.7806879100D+00           
       0.3149846100D+00       0.1181861600D+00                                  
                                                                                
       0.2355763350D+00       0.4376225000D+00       0.7524712120D+00           
       0.1216638020D+01       0.1845316540D+01       0.2551384850D+01           
       0.3004077050D+01       0.2682876730D+01       0.1405497250D+01           
       0.2609771830D+00       0.2555561480D-02       0.7546130340D-03           
      -0.1646029690D-03       0.2082887950D-04                                  
                                                                                
      -0.5583942250D-01      -0.1035858050D+00      -0.1788144750D+00           
      -0.2894265580D+00      -0.4466115800D+00      -0.6343658820D+00           
      -0.8145208580D+00      -0.8538368980D+00      -0.6447789780D+00           
      -0.1142431720D+00       0.3167190590D+00       0.3041863400D+00           
       0.1005780670D+00       0.4817488440D-02                                  
                                                                                
       0.0000000000D+00       0.0000000000D+00       0.0000000000D+00           
       0.0000000000D+00       0.0000000000D+00       0.0000000000D+00           
       0.0000000000D+00       0.0000000000D+00       0.0000000000D+00           
       0.0000000000D+00       0.0000000000D+00       0.1000000000D+01           
       0.0000000000D+00       0.0000000000D+00                                  
                                                                                
       0.0000000000D+00       0.0000000000D+00       0.0000000000D+00           
       0.0000000000D+00       0.0000000000D+00       0.0000000000D+00           
       0.0000000000D+00       0.0000000000D+00       0.0000000000D+00           
       0.0000000000D+00       0.0000000000D+00       0.0000000000D+00           
       0.1000000000D+01       0.0000000000D+00                                  
                                                                                
       0.0000000000D+00       0.0000000000D+00       0.0000000000D+00           
       0.0000000000D+00       0.0000000000D+00       0.0000000000D+00           
       0.0000000000D+00       0.0000000000D+00       0.0000000000D+00           
       0.0000000000D+00       0.0000000000D+00       0.0000000000D+00           
       0.0000000000D+00       0.1000000000D+01                                  
                                                                                
       0.4900854750D-01       0.9059901630D-01       0.1569389330D+00           
       0.2549422150D+00       0.3969983700D+00       0.5817501900D+00           
       0.7854593500D+00       0.9713952850D+00       0.1017485400D+01           
       0.8881348760D+00       0.5325776020D+00       0.2097448310D+00           
       0.5358788830D-01       0.5596492130D-02                                  
                                                                                
       0.0000000000D+00       0.0000000000D+00       0.0000000000D+00           
       0.0000000000D+00       0.0000000000D+00       0.0000000000D+00           
       0.0000000000D+00       0.0000000000D+00       0.0000000000D+00           
       0.0000000000D+00       0.0000000000D+00       0.1000000000D+01           
       0.0000000000D+00       0.0000000000D+00                                  
                                                                                
       0.0000000000D+00       0.0000000000D+00       0.0000000000D+00           
       0.0000000000D+00       0.0000000000D+00       0.0000000000D+00           
       0.0000000000D+00       0.0000000000D+00       0.0000000000D+00           
       0.0000000000D+00       0.0000000000D+00       0.0000000000D+00           
       0.1000000000D+01       0.0000000000D+00                                  
                                                                                
       0.0000000000D+00       0.0000000000D+00       0.0000000000D+00           
       0.0000000000D+00       0.0000000000D+00       0.0000000000D+00           
       0.0000000000D+00       0.0000000000D+00       0.0000000000D+00           
       0.0000000000D+00       0.0000000000D+00       0.0000000000D+00           
       0.0000000000D+00       0.1000000000D+01                                  
                                                                                
       0.0000000000D+00       0.0000000000D+00       0.0000000000D+00           
       0.0000000000D+00       0.0000000000D+00       0.0000000000D+00           
       0.0000000000D+00       0.0000000000D+00       0.0000000000D+00           
       0.0000000000D+00       0.1000000000D+01       0.0000000000D+00           
       0.0000000000D+00       0.0000000000D+00                                  
                                                                                
       0.0000000000D+00       0.0000000000D+00       0.0000000000D+00           
       0.0000000000D+00       0.0000000000D+00       0.0000000000D+00           
       0.0000000000D+00       0.0000000000D+00       0.0000000000D+00           
       0.0000000000D+00       0.0000000000D+00       0.1000000000D+01           
       0.0000000000D+00       0.0000000000D+00                                  
                                                                                
       0.0000000000D+00       0.0000000000D+00       0.0000000000D+00           
       0.0000000000D+00       0.0000000000D+00       0.0000000000D+00           
       0.0000000000D+00       0.0000000000D+00       0.0000000000D+00           
       0.0000000000D+00       0.0000000000D+00       0.0000000000D+00           
       0.1000000000D+01       0.0000000000D+00                                  
                                                                                
       0.0000000000D+00       0.0000000000D+00       0.0000000000D+00           
       0.0000000000D+00       0.0000000000D+00       0.0000000000D+00           
       0.0000000000D+00       0.0000000000D+00       0.0000000000D+00           
       0.0000000000D+00       0.0000000000D+00       0.0000000000D+00           
       0.0000000000D+00       0.1000000000D+01                                  
                                                                                
 10.0000 10.0000                                                                
WFOUT                                                                           
     1     SPIN
    10     NUMBER OF OCCUPIED ORBITALS, EVALUES:
  -23.6931122550      -18.3833601223     -0.695827068009    
 -0.637180991076     -0.129587664382      0.198957335964E-01
 -0.262241006741      0.135325294137E-01 -0.556306308166E-01
  0.193780541643E-01
     4     NUMBER OF REPRESENTATIONS
     6    50
   1.00000000000       1.00000000000       1.00000000000    
   1.00000000000       1.00000000000       1.00000000000    
  
  0.459461489712E-06  0.154565710524E-05  0.153677726845E-04
 -0.585786257202E-05 -0.483867624457E-05  0.145808325325E-05
  0.842988994079E-06  0.221981320684E-05  0.556405321236E-06
 -0.453713658543E-05  0.323155820464E-05 -0.429518562084E-05
  0.881223136306E-05  0.353058277023E-05  0.620045663126E-05
  0.228519315886E-05  0.375841504507E-05  0.338914719593E-05
  0.236821668121E-04 -0.298993541697E-05 -0.109174095451E-04
  0.247435041354E-05 -0.220560201442E-05 -0.123838629919E-05
  0.411516440343E-05 -0.144264524757E-05  0.202582793753E-05
 -0.543234871176E-06  0.251763428927E-05  0.148103793289E-05
  0.429884019740E-05 -0.320576541429E-05   1.00008048644    
  0.151048992718E-03  0.130449786722E-04 -0.173612665822E-03
 -0.475159128013E-04 -0.192804868952E-03  0.871240636372E-04
 -0.254499472109E-05  0.312540142476E-05  0.546075894895E-03
  0.526499766104E-03  0.471666702177E-03  0.448692973412E-04
  0.461913332567E-04  0.563264634092E-04  0.526128724651E-04
  0.534971861725E-04  0.516003944249E-04
  
  -1.00021604603     -0.878125542365E-03  0.825531235635E-03
 -0.461951661454E-03 -0.405843739350E-04 -0.555168333475E-02
  0.274914262730E-02 -0.268119267924E-04  0.175048514462E-04
 -0.208096527572E-02 -0.121218869118E-02  0.170831505701E-04
  0.854221981260E-03  0.646012235345E-03  0.705703293543E-04
 -0.138733442577E-03 -0.918415856590E-04 -0.227114547302E-04
 -0.133011723287E-03 -0.349471650181E-03  0.520217705974E-03
  0.157449296742E-04 -0.121778052776E-03 -0.759356489453E-04
  0.656739751080E-03  0.424353568480E-03 -0.118578529044E-03
 -0.875871877506E-04 -0.352463606200E-03 -0.130959603161E-03
 -0.259747642353E-04 -0.401291197975E-03 -0.849606824504E-05
 -0.277674460435E-04 -0.227903065883E-04  0.282982330395E-04
  0.880319337746E-05 -0.103259573908E-04  0.111116293344E-04
  0.725833250638E-05 -0.218921203022E-05  0.200395041067E-04
  0.354523038583E-04  0.311902577027E-05 -0.186551484124E-04
 -0.384224149057E-04 -0.987768780657E-05 -0.729447059737E-05
 -0.405808717954E-05 -0.905059417432E-05
  
 -0.608786441520E-02  0.843771504580     -0.158246534908E-01
 -0.191961988966E-01 -0.246531016111E-02  0.279210679949    
 -0.880592865604E-03 -0.139438100980E-01 -0.211868313945E-02
  0.311035534451E-01  0.164409127030E-01 -0.172121572057E-01
 -0.686400566755E-03 -0.538855483873E-03 -0.470201156538E-02
 -0.102717264177E-02 -0.162105605206E-02 -0.983119380848E-03
  0.598508033848     -0.105631123153E-01 -0.396342452149E-01
 -0.208936220471E-01 -0.301831155817E-01 -0.200930342119E-01
 -0.234432329072E-01 -0.171328170016E-01 -0.397598837209E-02
 -0.256893666398E-02  0.419860850862E-02  0.223942357531E-03
 -0.412762432457E-02  0.106565910860E-01 -0.438427850824E-03
  0.173471037864     -0.347711571428E-02  0.171285645256E-02
  0.602293355269E-03 -0.228503148739E-01  0.288723014431E-03
 -0.880953987299E-04  0.143921959382E-03  0.377101881194E-03
  0.169354217635E-02 -0.185388376176E-03 -0.767872974964E-03
  0.289969405071E-03 -0.704528045818E-03 -0.110554499843E-03
 -0.235030781385E-05 -0.255878192474E-03
  
 -0.105173859212E-02  0.184194799244     -0.320869004980E-02
 -0.262173188275E-02  0.136182292402E-03  0.401782717243E-01
  0.484965401072E-03 -0.229690490551E-02 -0.230784884230E-03
  0.688287938280E-02  0.182086818550E-02 -0.270922978803E-02
  0.218492504343E-03 -0.478079923148E-03 -0.998617761721E-03
 -0.341253237447E-03 -0.464736721366E-03 -0.235137905970E-03
  0.101927154954     -0.158712979503E-02 -0.751014706011E-02
 -0.362960956882E-02 -0.619461068771E-02 -0.506890279642E-02
 -0.344155842803E-02 -0.569729866951E-02 -0.450587570820E-03
 -0.128791755877E-02  0.366000354828E-03 -0.796487039296E-03
 -0.514105181987E-03  0.314925456603E-02  0.935989259875E-03
 -0.956059159645      0.915988345067E-02 -0.527629186380E-02
 -0.464775518164E-02  0.958999299358E-02 -0.199907801954E-03
  0.105273877908E-02  0.209669999361E-05 -0.160099974410E-02
 -0.549414373289E-03 -0.680650930606E-04 -0.526957604690E-03
 -0.101947776592E-02 -0.855154075720E-04 -0.423045318919E-03
 -0.675581060581E-03 -0.177518060327E-03
  
 -0.245954544239E-02 -0.312005612821      0.596517495820E-02
 -0.316371256499E-01 -0.194946840375E-01   1.37519302095    
 -0.120452310171E-01 -0.100808860032E-01  0.204122954331E-02
 -0.767080360578E-03  0.320636870309E-01 -0.236376923297E-01
 -0.907209061153E-02  0.715387902679E-02 -0.488843375417E-03
  0.118853689531E-03  0.274853796537E-02  0.121203168111E-02
  0.522123437736      0.593287823917E-02 -0.198935813525E-01
 -0.147193857616E-01 -0.220887616259E-01  0.491876769915E-02
 -0.255581290862E-01  0.200049706163E-02 -0.197770677194E-02
  0.210515864558E-02  0.906562012217E-02 -0.370557736345E-02
 -0.213831069727E-02  0.492386310187E-02 -0.565235245844E-03
 -0.645500037241E-01 -0.351354406762E-02 -0.996278820370E-03
 -0.228219467662E-02 -0.278116163750      0.111315685953E-02
 -0.576382146076E-03 -0.443455357207E-03 -0.588620276962E-03
  0.388603996905E-02 -0.128056383298E-02 -0.135378029941E-02
  0.133567179492E-02 -0.124537410726E-02 -0.488849363998E-03
  0.167265473743E-03 -0.654852012102E-03
  
 -0.128218779857E-03 -0.293668248337E-01 -0.604885371953E-02
  0.599442516644E-03 -0.737826226170E-02 -0.455757278318    
 -0.355446549192E-03 -0.178051536045E-03 -0.449980533671E-02
 -0.508105111330E-02 -0.504049756266E-02  0.637325373744E-02
  0.153001099248E-02 -0.137671485014E-02 -0.161193401979E-02
 -0.885236952669E-03 -0.776644463269E-03 -0.591640246387E-03
 -0.929865451725E-01 -0.224562878794E-02  0.112148909876E-01
  0.122501908142E-01  0.111057867590E-01  0.615202144279E-02
  0.730140121656E-02  0.987887454733E-02 -0.179064399754E-02
  0.194283930080E-02  0.835263516508E-04  0.351097415575E-02
  0.967487889207E-03 -0.506385001663E-02  0.965440983398E-03
  0.830018545466E-03  0.251376460247E-01 -0.178540752640E-01
 -0.926128886608E-02  -1.56608679357      0.193085073069E-02
 -0.453779035911E-02 -0.119969140611E-01 -0.544088040466E-02
 -0.205708221562E-02 -0.551859789684E-02  0.101423533609E-01
  0.949489777833E-02  0.996763006931E-02  0.598317089761E-02
  0.787539816415E-02  0.580805302583E-02
     2    28
   1.00000000000       1.00000000000    
  
   1.31672487038     -0.963353357589E-02 -0.275658828680E-01
 -0.379202511900E-02  0.112307229612      0.115319299273E-01
 -0.653400971659E-03  0.915454715481     -0.350749446183E-02
 -0.391995375699E-01 -0.271168875503E-01 -0.228710570520E-01
 -0.302076097161E-01 -0.123941661689E-01 -0.288435277421E-01
 -0.277363764783E-02 -0.725605802636E-02 -0.129500748027E-02
  0.535797327224E-02 -0.384400936781E-02  0.118024470775E-01
  0.475797172182E-01 -0.641667343391E-03  0.456558165268E-03
 -0.828230583329E-04 -0.246552413829E-02 -0.172838727740E-02
 -0.626722966149E-03
  
  0.167565982651      0.363712986733E-03  0.619507596580E-02
  0.628141046844E-02  0.618236164400E-02 -0.276913493167E-02
  0.396038714361E-02  0.255122149762E-02 -0.142439584522E-02
 -0.158081013528E-01 -0.183356199981E-01 -0.413179867422E-02
 -0.613687568703E-02 -0.736191180071E-03 -0.706621897179E-02
  0.384919389886E-02  0.672775283552E-03 -0.191412363790E-02
 -0.215590991169E-02 -0.125972180083E-02 -0.103617506715E-02
  -1.57819155372      0.392389016976E-03 -0.251337279193E-02
 -0.118127967488E-01  0.472635886449E-02  0.481780172007E-03
  0.191153786450E-02
     2    19
   1.00000000000       1.00000000000    
  
   1.55403063667      0.229853941349E-03 -0.217367158198E-02
  0.782375484192E-02  0.498027637273E-01  0.107852702193E-01
  0.119295434192E-02  0.223417840786E-01  0.320534619161E-01
  0.684945368314E-02 -0.153207434501E-01 -0.148339016729E-01
  0.169690089036      0.818730168448E-03 -0.659986786144E-03
  0.131928823186E-02 -0.191550642108E-02 -0.236143037060E-02
 -0.171921076580E-03
  
  0.247205934702     -0.141913102029E-02  0.256773578293E-02
  0.429789207842E-03  0.110397291308E-02  0.244624301945E-02
 -0.112502408391E-02  0.214335739644E-02  0.213354504059E-02
 -0.882088118505E-03 -0.455300463171E-04 -0.492853927463E-02
  -1.58561328426     -0.193867553072E-02 -0.383608719089E-03
 -0.135953394591E-01  0.494703087200E-02 -0.898456049732E-03
  0.194029329584E-02
     0    11

