  IT          TRACE                ETOT                 EKIN+ENONLOC          CHARGE              EDFT+SIC              LOWEST
   1        -95.535125910       -174.961575953        178.778386432         19.999998837       -174.961575953       -174.961575953
   2        -82.665643614       -171.826985201        160.002560952         19.999999641       -171.826985201       -174.961575953
   3        -86.873096073       -175.130263033        172.899961225         19.999999097       -175.130263033       -175.130263033
   4        -87.176879884       -175.171377119        173.598308934         19.999999118       -175.171377119       -175.171377119
   5        -87.459626051       -175.186225648        174.343218630         19.999999136       -175.186225648       -175.186225648
   6        -87.433414964       -175.187075933        174.626524989         19.999999132       -175.187075933       -175.187075933
   7        -87.368955080       -175.187209253        174.562136109         19.999999128       -175.187209253       -175.187209253
   8        -87.306026393       -175.187212173        174.505622785         19.999999124       -175.187212173       -175.187212173
   9        -87.324410807       -175.187234000        174.536948971         19.999999125       -175.187234000       -175.187234000
  10        -87.336671211       -175.187241565        174.551304989         19.999999125       -175.187241565       -175.187241565
  11        -87.339236009       -175.187242034        174.553428089         19.999999125       -175.187242034       -175.187242034
  12        -87.340742375       -175.187242139        174.554458655         19.999999125       -175.187242139       -175.187242139
  IT          TRACE                ETOT                 EKIN+ENONLOC          CHARGE              EDFT+SIC              LOWEST
   1          0.000000000       -175.192538970        174.470287307         19.999999013       -175.192538970       -175.192538970
   2        -87.421149304       -175.192636237        174.586784727         19.999999009       -175.192636237       -175.192636237
   3        -87.294514411       -175.192379090        174.369331479         19.999999010       -175.192379090       -175.192636237
   4        -87.332727981       -175.192617582        174.434835631         19.999999011       -175.192617582       -175.192636237
   5        -87.376523003       -175.192707755        174.510366270         19.999999010       -175.192707755       -175.192707755
   6        -87.378444686       -175.192707924        174.514165676         19.999999010       -175.192707924       -175.192707924
   7        -87.378363869       -175.192707930        174.514010803         19.999999010       -175.192707930       -175.192707930
  IT          TRACE                ETOT                 EKIN+ENONLOC          CHARGE              EDFT+SIC              LOWEST
   1          0.000000000       -175.201535458        174.307451233         19.999999284       -175.201535458       -175.201535458
   2        -87.594312047       -175.202227997        174.577886929         19.999999273       -175.202227997       -175.202227997
   3        -87.310298564       -175.200134520        174.114117236         19.999999251       -175.200134520       -175.202227997
   4        -87.389748747       -175.202084873        174.242385350         19.999999260       -175.202084873       -175.202227997
   5        -87.482729950       -175.202773840        174.395105526         19.999999268       -175.202773840       -175.202773840
   6        -87.493734297       -175.202777258        174.416416582         19.999999266       -175.202777258       -175.202777258
   7        -87.492816614       -175.202777361        174.414587905         19.999999266       -175.202777361       -175.202777361
   8        -87.493123108       -175.202777432        174.414461383         19.999999266       -175.202777432       -175.202777432
  IT          TRACE                ETOT                 EKIN+ENONLOC          CHARGE              EDFT+SIC              LOWEST
   1          0.000000000       -175.204603168        174.335663830         19.999999469       -175.204603168       -175.204603168
   2        -87.592549799       -175.204726606        174.446150977         19.999999457       -175.204726606       -175.204726606
   3        -87.476823548       -175.204375058        174.260432352         19.999999449       -175.204375058       -175.204726606
   4        -87.508391899       -175.204702821        174.310337784         19.999999451       -175.204702821       -175.204726606
   5        -87.546319254       -175.204820853        174.371948532         19.999999454       -175.204820853       -175.204820853
   6        -87.550798330       -175.204821500        174.380555459         19.999999454       -175.204821500       -175.204821500
   7        -87.550694672       -175.204821521        174.380152982         19.999999453       -175.204821521       -175.204821521
  IT          TRACE                ETOT                 EKIN+ENONLOC          CHARGE              EDFT+SIC              LOWEST
   1          0.000000000       -175.205313626        174.333160095         19.999999212       -175.205313626       -175.205313626
   2        -87.617339809       -175.205366564        174.398836407         19.999999205       -175.205366564       -175.205366564
   3        -87.548580135       -175.205221865        174.293357220         19.999999200       -175.205221865       -175.205366564
   4        -87.566403594       -175.205357154        174.319997785         19.999999202       -175.205357154       -175.205366564
   5        -87.588359902       -175.205404957        174.354332038         19.999999203       -175.205404957       -175.205404957
   6        -87.591671312       -175.205405294        174.360609134         19.999999203       -175.205405294       -175.205405294
   7        -87.591653148       -175.205405307        174.360338268         19.999999203       -175.205405307       -175.205405307
  IT          TRACE                ETOT                 EKIN+ENONLOC          CHARGE              EDFT+SIC              LOWEST
   1          0.000000000       -175.205458195        174.343225545         19.999999021       -175.205458195       -175.205458195
   2        -87.617762894       -175.205466238        174.366946749         19.999999019       -175.205466238       -175.205466238
   3        -87.592858802       -175.205445661        174.330039247         19.999999017       -175.205445661       -175.205466238
   4        -87.599085448       -175.205464945        174.338933720         19.999999017       -175.205464945       -175.205466238
   5        -87.606899877       -175.205471683        174.350811136         19.999999018       -175.205471683       -175.205471683
   6        -87.608241891       -175.205471737        174.353324324         19.999999018       -175.205471737       -175.205471737
   7        -87.608266842       -175.205471740        174.353239935         19.999999018       -175.205471740       -175.205471740
