           5           4
         0.0016245603        0.0010421444        0.8778910671    1   1
        -0.0000057568        0.0001919852       -0.0000137640
        -0.0127287739        0.0203542370       -0.8752363613    1   2
         0.0000178569       -0.0000143920       -0.0000279867
         0.0071924400        1.2285816324        1.4365966704    1   3
        -0.0000655861       -0.0000234943        0.0000050283
        -1.0691327746       -0.6191677912        1.4654407352    1   4
        -0.0000114175       -0.0000054696       -0.0000404385
         1.0511757263       -0.6306515791        1.4504089764    1   5
        -0.0000259483       -0.0000249643        0.0000367256

        -0.1125558552       -0.0743642514        0.8992192422    1   1
         0.0059963584       -0.0020904402       -0.0012878990
        -1.2248823504        0.3215887058        1.6024888867    1   2
        -0.0000217436       -0.0003302221       -0.0001065407
         1.1928317891       -0.3125607269        1.5600720289    1   3
         0.0001675649       -0.0001762621       -0.0002637655
         0.0367913176        0.0029240321       -0.6056782501    1   4
         0.0000968249       -0.0001141550       -0.0001647050

