 
  -75.869826676308492     
     5    4        5    4
         0.0016245603        0.0010421444        0.8778910671    1   1
        -0.0127287739        0.0203542370       -0.8752363613    1   2
         0.0071924400        1.2285816324        1.4365966704    1   3
        -1.0691327746       -0.6191677912        1.4654407352    1   4
         1.0511757263       -0.6306515791        1.4504089764    1   5
  
  
        -0.1125558552       -0.0743642514        0.8992192422    1   1
        -1.2248823504        0.3215887058        1.6024888867    1   2
         1.1928317891       -0.3125607269        1.5600720289    1   3
         0.0367913176        0.0029240321       -0.6056782501    1   4
  
  
      -0.000005756758      0.000191985150     -0.000013764040
       0.000017856887     -0.000014391980     -0.000027986743
      -0.000065586144     -0.000023494298      0.000005028261
      -0.000011417548     -0.000005469628     -0.000040438468
      -0.000025948297     -0.000024964347      0.000036725608
       0.005996358421     -0.002090440154     -0.001287898993
      -0.000021743630     -0.000330222072     -0.000106540652
       0.000167564882     -0.000176262063     -0.000263765532
       0.000096824865     -0.000114154984     -0.000164705009
