  IT          TRACE                ETOT                 EKIN+ENONLOC          CHARGE              EDFT+SIC              LOWEST
   1        -41.536463216        -75.173995913         75.127646240          9.000001139        -75.173995913        -75.173995913
   2        -40.711770828        -75.198936703         74.443234066          9.000000768        -75.198936703        -75.198936703
   3        -40.806486630        -75.201348369         74.606832892          9.000000772        -75.201348369        -75.201348369
   4        -40.937206167        -75.202786860         74.832031068          9.000000773        -75.202786860        -75.202786860
   5        -40.943952305        -75.202890552         74.847272946          9.000000766        -75.202890552        -75.202890552
   6        -40.939689426        -75.202894798         74.839680423          9.000000765        -75.202894798        -75.202894798
   7        -40.942798727        -75.202899293         74.842282057          9.000000763        -75.202899293        -75.202899293
   8        -40.943296910        -75.202899443         74.843268015          9.000000763        -75.202899443        -75.202899443
   9        -40.942713458        -75.202899632         74.842597489          9.000000763        -75.202899632        -75.202899632
  IT          TRACE                ETOT                 EKIN+ENONLOC          CHARGE              EDFT+SIC              LOWEST
   1          0.000000000        -75.202899632         74.842597489          9.000000763        -75.800009024        -75.800009024
   2        -46.558478414        -75.102218668         75.545392512          8.998835971        -75.865361501        -75.865361501
   3        -46.887358861        -75.100379987         75.664903063          8.998817910        -75.869360459        -75.869360459
   4        -46.891909652        -75.099306815         75.695589736          8.998817772        -75.869605668        -75.869605668
   5        -47.114193584        -75.095134207         75.909112816          8.998816894        -75.868095907        -75.869605668
   6        -46.875391204        -75.098330046         75.733693128          8.998817793        -75.869528908        -75.869605668
   7        -46.806041527        -75.099828832         75.635027909          8.998818094        -75.869800819        -75.869800819
   8        -46.799596114        -75.100234865         75.607401377          8.998818166        -75.869803689        -75.869803689
   9        -46.793397322        -75.100395104         75.595490991          8.998818152        -75.869794225        -75.869803689
  10        -46.756013984        -75.100770654         75.558783898          8.998818069        -75.869733216        -75.869803689
  11        -46.742597859        -75.100978803         75.537556443          8.998818032        -75.869671437        -75.869803689
  12        -46.741370126        -75.101043595         75.531699960          8.998818038        -75.869649731        -75.869803689
  13        -46.733767234        -75.101119196         75.522173290          8.998817971        -75.869613617        -75.869803689
  14        -46.726220490        -75.101196705         75.511664246          8.998817917        -75.869569163        -75.869803689
  15        -46.725643079        -75.101222506         75.508834700          8.998817916        -75.869555147        -75.869803689
  16        -46.730510978        -75.101193932         75.513628457          8.998817945        -75.869575221        -75.869803689
  17        -46.744617932        -75.101074733         75.530587721          8.998818030        -75.869642772        -75.869803689
  18        -46.758304104        -75.100919145         75.549701411          8.998818110        -75.869707558        -75.869803689
  19        -46.768598365        -75.100775171         75.565452975          8.998818168        -75.869751058        -75.869803689
  20        -46.776457346        -75.100654014         75.577768244          8.998818209        -75.869778436        -75.869803689
  21        -46.784432569        -75.100534817         75.589467869          8.998818247        -75.869798668        -75.869803689
  22        -46.793543054        -75.100400231         75.602212663          8.998818287        -75.869814363        -75.869814363
  23        -46.801505439        -75.100271049         75.613753488          8.998818317        -75.869823106        -75.869823106
  24        -46.807222453        -75.100168563         75.622395387          8.998818330        -75.869826288        -75.869826288
  25        -46.811914143        -75.100087295         75.629004987          8.998818322        -75.869826847        -75.869826847
  26        -46.813285689        -75.100050885         75.631595280          8.998818300        -75.869826676        -75.869826847
