           5           0
        -0.0000000175        0.0299349691       -0.0000000001    1   1
        -0.0000000018        0.0002519140       -0.0000000000
         1.2947551794        1.0076774009       -0.0000000414    1   2
         0.0001534107        0.0000659418        0.0000000011
        -1.2947553001        1.0076798304       -0.0000000414    1   3
        -0.0001534142        0.0000658717        0.0000000011
        -0.0000015339       -1.0053102625        1.2938221149    1   4
         0.0000000421       -0.0001269696        0.0002070697
        -0.0000015339       -1.0053102830       -1.2938221445    1   5
         0.0000000421       -0.0001269690       -0.0002070690


