 
  -76.676828896194010     
     5    0        5    0
         0.0000000000        0.0000000000        0.0000000000    1   1
         1.3000000000        1.0100000000        0.0000000000    1   2
        -1.3000000000        1.0100000000        0.0000000000    1   3
         0.0000000000       -1.0100000000        1.3000000000    1   4
         0.0000000000       -1.0100000000       -1.3000000000    1   5
  
  
  
  
       0.000000006425     -0.003220137538      0.000000000319
       0.000246206221      0.000061236912      0.000000001403
      -0.000246194614      0.000061151513      0.000000001402
       0.000000056403     -0.000256153418      0.000104920691
       0.000000056403     -0.000256152952     -0.000104919448
 
  -76.675111797536928     
     5    0        5    0
        -0.0000001961        0.0986675024       -0.0000000092    1   1
         1.2924560517        1.0081236540       -0.0000000429    1   2
        -1.2924564071        1.0081262708       -0.0000000429    1   3
        -0.0000017281       -1.0021512618        1.2967851486    1   4
        -0.0000017281       -1.0021512741       -1.2967851885    1   5
  
  
  
  
      -0.000000079928      0.035799687422     -0.000000004964
      -0.000106585110     -0.000111837922      0.000000001034
       0.000106577172     -0.000111905733      0.000000001033
       0.000000036311      0.000468015544      0.000559719240
       0.000000036311      0.000468016289     -0.000559718668
 
  -76.676873989619850     
     5    0        5    0
        -0.0000000143        0.0071824112       -0.0000000007    1   1
         1.2994508451        1.0098634131       -0.0000000031    1   2
        -1.2994508710        1.0098636036       -0.0000000031    1   3
        -0.0000001258       -1.0094286582        1.2997659778    1   4
        -0.0000001258       -1.0094286591       -1.2997659807    1   5
  
  
  
  
       0.000000005415     -0.002801675816      0.000000000194
       0.000226967264      0.000066441075      0.000000001374
      -0.000226957093      0.000066357158      0.000000001373
       0.000000054987     -0.000230117832      0.000127914059
       0.000000054987     -0.000230117346     -0.000127912865
 
  -76.676771761633361     
     5    0        5    0
        -0.0000000896        0.0563507355        0.0000000028    1   1
         1.2939920423        1.0071748094       -0.0000000487    1   2
        -1.2939922596        1.0071775827       -0.0000000487    1   3
        -0.0000017769       -1.0045512754        1.2932839942    1   4
        -0.0000017769       -1.0045513027       -1.2932840262    1   5
  
  
  
  
      -0.000000019644      0.007619228939      0.000000000799
       0.000054465687      0.000030862074      0.000000001021
      -0.000054473350      0.000030796080      0.000000001021
       0.000000037261      0.000033184877      0.000317943979
       0.000000037261      0.000033185407     -0.000317943290
 
  -76.676938307738823     
     5    0        5    0
        -0.0000000369        0.0219286861        0.0000000004    1   1
         1.2978136730        1.0090570629       -0.0000000168    1   2
        -1.2978137564        1.0090580280       -0.0000000168    1   3
        -0.0000006210       -1.0079658622        1.2978219394    1   4
        -0.0000006210       -1.0079658710       -1.2978219510    1   5
  
  
  
  
       0.000000000812     -0.001139394140      0.000000000255
       0.000181650970      0.000067457612      0.000000001270
      -0.000181646168      0.000067379209      0.000000001269
       0.000000049751     -0.000170020938      0.000177553085
       0.000000049752     -0.000170020437     -0.000177552043
 
  -76.676949393850279     
     5    0        5    0
        -0.0000000320        0.0330720261       -0.0000000021    1   1
         1.2951667114        1.0077999671       -0.0000000388    1   2
        -1.2951668485        1.0078022205       -0.0000000388    1   3
        -0.0000014307       -1.0056592078        1.2943475464    1   4
        -0.0000014307       -1.0056592274       -1.2943475742    1   5
  
  
  
  
      -0.000000004320      0.000811222154     -0.000000000454
       0.000142714850      0.000060164640      0.000000001077
      -0.000142718576      0.000060095545      0.000000001076
       0.000000041285     -0.000115576226      0.000217401449
       0.000000041286     -0.000115575660     -0.000217400707
 
  -76.676953412620335     
     5    0        5    0
        -0.0000000175        0.0299349691       -0.0000000001    1   1
         1.2947551794        1.0076774009       -0.0000000414    1   2
        -1.2947553001        1.0076798304       -0.0000000414    1   3
        -0.0000015339       -1.0053102625        1.2938221149    1   4
        -0.0000015339       -1.0053102830       -1.2938221445    1   5
  
  
  
  
      -0.000000003187      0.000195983335     -0.000000000046
       0.000153584038      0.000061463694      0.000000001063
      -0.000153588712      0.000061395997      0.000000001063
       0.000000040270     -0.000132058301      0.000204721672
       0.000000040271     -0.000132057746     -0.000204720957
 
  -76.676953861023904     
     5    0        5    0
        -0.0000000175        0.0299349691       -0.0000000001    1   1
         1.2947551794        1.0076774009       -0.0000000414    1   2
        -1.2947553001        1.0076798304       -0.0000000414    1   3
        -0.0000015339       -1.0053102625        1.2938221149    1   4
        -0.0000015339       -1.0053102830       -1.2938221445    1   5
  
  
  
  
      -0.000000001793      0.000251913957     -0.000000000021
       0.000153410681      0.000065941804      0.000000001073
      -0.000153414224      0.000065871681      0.000000001072
       0.000000042095     -0.000126969560      0.000207069731
       0.000000042095     -0.000126969002     -0.000207069010
