  IT          TRACE                ETOT                 EKIN+ENONLOC          CHARGE              EDFT+SIC              LOWEST
   1        -42.413472272        -75.851635808         76.464837372          9.999999208        -76.615923637        -76.615923637
   2        -46.720700837        -75.892101814         75.452438024          9.999999606        -76.661931473        -76.661931473
   3        -46.924930645        -75.886644757         75.426368720          9.999999629        -76.656833793        -76.661931473
   4        -51.656343855        -75.339543399         81.819711296          9.999999763        -76.166307329        -76.661931473
   5        -48.739467525        -75.715829751         79.124892324          9.999999750        -76.524204746        -76.661931473
   6        -47.902739685        -75.853702176         77.519788359          9.999999719        -76.646841170        -76.661931473
   7        -48.707929872        -75.808167552         78.241473769          9.999999724        -76.606900079        -76.661931473
   8        -48.083013033        -75.852214504         77.583532464          9.999999712        -76.645219974        -76.661931473
   9        -47.124999775        -75.896748979         76.248501189          9.999999676        -76.676614546        -76.676614546
  10        -47.110772465        -75.897620698         75.942170663          9.999999656        -76.673620731        -76.676614546
  11        -47.312365911        -75.898341342         76.124234659          9.999999657        -76.675781302        -76.676614546
  12        -47.507690799        -75.896437971         76.409569081          9.999999667        -76.676731921        -76.676731921
  13        -47.566519497        -75.894052340         76.549868366          9.999999674        -76.675904878        -76.676731921
  14        -47.543028843        -75.893721495         76.559075215          9.999999676        -76.675755216        -76.676731921
  15        -47.474619661        -75.895011113         76.485441461          9.999999675        -76.676296975        -76.676731921
  16        -47.453832994        -75.895729085         76.443136873          9.999999674        -76.676545708        -76.676731921
  17        -47.430362165        -75.896330216         76.402860709          9.999999672        -76.676712552        -76.676731921
  18        -47.395655902        -75.897001651         76.348772833          9.999999670        -76.676822211        -76.676822211
  19        -47.377661729        -75.897390540         76.313487888          9.999999668        -76.676825770        -76.676825770
  20        -47.378414412        -75.897482203         76.306374431          9.999999668        -76.676818985        -76.676825770
  21        -47.384546695        -75.897437626         76.312152411          9.999999668        -76.676823608        -76.676825770
  22        -47.392986074        -75.897326947         76.323662655          9.999999668        -76.676829673        -76.676829673
  23        -47.399396728        -75.897218399         76.333938978          9.999999669        -76.676830525        -76.676830525
  24        -47.402635659        -75.897149107         76.340012863          9.999999669        -76.676828896        -76.676830525
  25          0.000000000        -75.897149107         76.340012863          9.999999669        -76.675111798        -76.676830525
  26          0.000000000        -75.897149107         76.340012863          9.999999669        -76.676873990        -76.676873990
  27          0.000000000        -75.897149107         76.340012863          9.999999669        -76.676771762        -76.676873990
  28          0.000000000        -75.897149107         76.340012863          9.999999669        -76.676938308        -76.676938308
  29          0.000000000        -75.897149107         76.340012863          9.999999669        -76.676949394        -76.676949394
  30          0.000000000        -75.897149107         76.340012863          9.999999669        -76.676953413        -76.676953413
  31        -47.402769642        -75.897085522         76.341534586          9.999999667        -76.676954380        -76.676954380
  32        -47.402812630        -75.897065539         76.341773674          9.999999667        -76.676953861        -76.676954380
