           5           4
  0.109964410272D-02  0.132518613020D-02 -0.155900900536D-02  1  D2INV=      1.0000 SUGGEST=       1.0000
  0.617548402161D+00 -0.275441300210D+00  0.923680734036D+00  1  D2INV=      1.0000 SUGGEST=       1.0000
 -0.183850613776D+00  0.117832929198D+01 -0.694174482672D-01  1  D2INV=      1.0000 SUGGEST=       1.0000
 -0.111271056814D+01 -0.523694961849D+00  0.323196568091D-01  1  D2INV=      1.0000 SUGGEST=       1.0000
  0.611084212194D+00 -0.378783332721D+00 -0.869799572857D+00  1  D2INV=      1.0000 SUGGEST=       1.0000
 -0.101491901515D+00 -0.170732856294D-01 -0.503692317467D-01  1  D2INV=      1.0000 SUGGEST=       1.0000
 -0.282210374552D+00 -0.913489384218D-01  0.111025346042D+01  1  D2INV=      1.0000 SUGGEST=       1.0000
 -0.248946814320D+00  0.988477310477D+00 -0.715253843723D+00  1  D2INV=      1.0000 SUGGEST=       1.0000
 -0.349517522828D-01 -0.100069367508D+01 -0.755051103782D+00  1  D2INV=      1.0000 SUGGEST=       1.0000
