   3          TOTAL NUMBER OF ATOM TYPES                                        
   8   8      ELECTRONIC AND NUCLEAR CHARGE                                     
ALL           ALL-ELECTRON ATOM TYPE                                            
   1          NUMBER OF ATOMS OF TYPE OXY                                       
 0.000000 0.000000 0.000000 UPO                                                 
 0                                                                              
  13          NUMBER OF BARE GAUSSIANS                                          
   5   4   3  NUMBER OF S,P,D FUNCTIONS                                         
   0   0   1  SUPPLEMENTARY S,P,D FUNCTIONS                                     
       0.6120995220D+05       0.9191660630D+04       0.2094692730D+04           
       0.5935495900D+03       0.1936468550D+03       0.6977937380D+02           
       0.2693975300D+02       0.1093418610D+02       0.4565711210D+01           
       0.1884057180D+01       0.7553058400D+00       0.2915527400D+00           
       0.1049174000D+00                                                         
                                                                                
       0.2484510850D+00       0.4640692010D+00       0.8000280060D+00           
       0.1288259230D+01       0.1912301250D+01       0.2484317540D+01           
       0.2565928310D+01       0.1710267850D+01       0.4862767820D+00           
       0.2128629570D-01       0.3876386950D-03      -0.1273179470D-03           
       0.1805300580D-04                                                         
                                                                                
      -0.5837699430D-01      -0.1091869670D+00      -0.1884255660D+00           
      -0.3060803760D+00      -0.4627975500D+00      -0.6352657150D+00           
      -0.7423516650D+00      -0.6508699470D+00      -0.2850338670D+00           
       0.1945857910D+00       0.3001787390D+00       0.1205146690D+00           
       0.7304580300D-02                                                         
                                                                                
       0.0000000000D+00       0.0000000000D+00       0.0000000000D+00           
       0.0000000000D+00       0.0000000000D+00       0.0000000000D+00           
       0.0000000000D+00       0.0000000000D+00       0.0000000000D+00           
       0.0000000000D+00       0.1000000000D+01       0.0000000000D+00           
       0.0000000000D+00                                                         
                                                                                
       0.0000000000D+00       0.0000000000D+00       0.0000000000D+00           
       0.0000000000D+00       0.0000000000D+00       0.0000000000D+00           
       0.0000000000D+00       0.0000000000D+00       0.0000000000D+00           
       0.0000000000D+00       0.0000000000D+00       0.1000000000D+01           
       0.0000000000D+00                                                         
                                                                                
       0.0000000000D+00       0.0000000000D+00       0.0000000000D+00           
       0.0000000000D+00       0.0000000000D+00       0.0000000000D+00           
       0.0000000000D+00       0.0000000000D+00       0.0000000000D+00           
       0.0000000000D+00       0.0000000000D+00       0.0000000000D+00           
       0.1000000000D+01                                                         
                                                                                
       0.4803085360D-01       0.7673145870D-01       0.1493385660D+00           
       0.2241829500D+00       0.3683805400D+00       0.5002376060D+00           
       0.6764937310D+00       0.7390674950D+00       0.7096321280D+00           
       0.4954630190D+00       0.2131075530D+00       0.5731713790D-01           
       0.6280915410D-02                                                         
                                                                                
       0.0000000000D+00       0.0000000000D+00       0.0000000000D+00           
       0.0000000000D+00       0.0000000000D+00       0.0000000000D+00           
       0.0000000000D+00       0.0000000000D+00       0.0000000000D+00           
       0.0000000000D+00       0.1000000000D+01       0.0000000000D+00           
       0.0000000000D+00                                                         
                                                                                
       0.0000000000D+00       0.0000000000D+00       0.0000000000D+00           
       0.0000000000D+00       0.0000000000D+00       0.0000000000D+00           
       0.0000000000D+00       0.0000000000D+00       0.0000000000D+00           
       0.0000000000D+00       0.0000000000D+00       0.1000000000D+01           
       0.0000000000D+00                                                         
                                                                                
       0.0000000000D+00       0.0000000000D+00       0.0000000000D+00           
       0.0000000000D+00       0.0000000000D+00       0.0000000000D+00           
       0.0000000000D+00       0.0000000000D+00       0.0000000000D+00           
       0.0000000000D+00       0.0000000000D+00       0.0000000000D+00           
       0.1000000000D+01                                                         
                                                                                
       0.0000000000D+00       0.0000000000D+00       0.0000000000D+00           
       0.0000000000D+00       0.0000000000D+00       0.0000000000D+00           
       0.0000000000D+00       0.0000000000D+00       0.0000000000D+00           
       0.1000000000D+01       0.0000000000D+00       0.0000000000D+00           
       0.0000000000D+00                                                         
                                                                                
       0.0000000000D+00       0.0000000000D+00       0.0000000000D+00           
       0.0000000000D+00       0.0000000000D+00       0.0000000000D+00           
       0.0000000000D+00       0.0000000000D+00       0.0000000000D+00           
       0.0000000000D+00       0.1000000000D+01       0.0000000000D+00           
       0.0000000000D+00                                                         
                                                                                
       0.0000000000D+00       0.0000000000D+00       0.0000000000D+00           
       0.0000000000D+00       0.0000000000D+00       0.0000000000D+00           
       0.0000000000D+00       0.0000000000D+00       0.0000000000D+00           
       0.0000000000D+00       0.0000000000D+00       0.1000000000D+01           
       0.0000000000D+00                                                         
                                                                                
       0.0000000000D+00       0.0000000000D+00       0.0000000000D+00           
       0.0000000000D+00       0.0000000000D+00       0.0000000000D+00           
       0.0000000000D+00       0.0000000000D+00       0.0000000000D+00           
       0.0000000000D+00       0.0000000000D+00       0.0000000000D+00           
       0.1000000000D+01                                                         
                                                                                
   1   1      ELECTRONIC AND NUCLEAR CHARGE                                     
ALL           ALL-ELECTRON ATOM TYPE                                            
   1          NUMBER OF ATOMS OF TYPE HYD                                       
 1.450000 1.120000 0.000000 UPO                                                 
 0                                                                              
   6          NUMBER OF BARE GAUSSIANS                                          
   4   3   1  NUMBER OF S,P,D FUNCTIONS                                         
   0   1   1  SUPPLEMENTARY S,P,D FUNCTIONS                                     
       0.7784080190D+02       0.1153441740D+02       0.2613858140D+01           
       0.7321663300D+00       0.2283819000D+00       0.7450697000D-01           
                                                                                
       0.3765677010D-01       0.7036322570D-01       0.1131455390D+00           
       0.1393935110D+00       0.1091635820D+00       0.3585699350D-01           
                                                                                
       0.0000000000D+00       0.0000000000D+00       0.0000000000D+00           
       0.1000000000D+01       0.0000000000D+00       0.0000000000D+00           
                                                                                
       0.0000000000D+00       0.0000000000D+00       0.0000000000D+00           
       0.0000000000D+00       0.1000000000D+01       0.0000000000D+00           
                                                                                
       0.0000000000D+00       0.0000000000D+00       0.0000000000D+00           
       0.0000000000D+00       0.0000000000D+00       0.1000000000D+01           
                                                                                
       0.0000000000D+00       0.0000000000D+00       0.1000000000D+01           
       0.0000000000D+00       0.0000000000D+00       0.0000000000D+00           
                                                                                
       0.0000000000D+00       0.0000000000D+00       0.0000000000D+00           
       0.1000000000D+01       0.0000000000D+00       0.0000000000D+00           
                                                                                
       0.0000000000D+00       0.0000000000D+00       0.0000000000D+00           
       0.0000000000D+00       0.1000000000D+01       0.0000000000D+00           
                                                                                
       0.0000000000D+00       0.0000000000D+00       0.0000000000D+00           
       0.0000000000D+00       0.0000000000D+00       0.1000000000D+01           
                                                                                
       0.0000000000D+00       0.0000000000D+00       0.0000000000D+00           
       0.1000000000D+01       0.0000000000D+00       0.0000000000D+00           
                                                                                
       0.0000000000D+00       0.0000000000D+00       0.0000000000D+00           
       0.0000000000D+00       0.1000000000D+01       0.0000000000D+00           
                                                                                
   9   9      ELECTRONIC AND NUCLEAR CHARGE                                     
ALL           ALL-ELECTRON ATOM TYPE                                            
   1          NUMBER OF ATOMS OF TYPE FLU                                       
 0.000000 20.000000 0.000000 UPO                                                
 0                                                                              
  14          NUMBER OF BARE GAUSSIANS                                          
   5   4   3  NUMBER OF S,P,D FUNCTIONS                                         
   0   0   1  SUPPLEMENTARY S,P,D FUNCTIONS                                     
       0.1231742220D+06       0.1865493160D+05       0.4284660370D+04           
       0.1223150920D+04       0.4016733760D+03       0.1457852270D+03           
       0.5694551760D+02       0.2349311190D+02       0.1003418550D+02           
       0.4343769680D+01       0.1868203030D+01       0.7806879100D+00           
       0.3149846100D+00       0.1181861600D+00                                  
                                                                                
       0.2355763350D+00       0.4376225000D+00       0.7524712120D+00           
       0.1216638020D+01       0.1845316540D+01       0.2551384850D+01           
       0.3004077050D+01       0.2682876730D+01       0.1405497250D+01           
       0.2609771830D+00       0.2555561480D-02       0.7546130340D-03           
      -0.1646029690D-03       0.2082887950D-04                                  
                                                                                
      -0.5583942250D-01      -0.1035858050D+00      -0.1788144750D+00           
      -0.2894265580D+00      -0.4466115800D+00      -0.6343658820D+00           
      -0.8145208580D+00      -0.8538368980D+00      -0.6447789780D+00           
      -0.1142431720D+00       0.3167190590D+00       0.3041863400D+00           
       0.1005780670D+00       0.4817488440D-02                                  
                                                                                
       0.0000000000D+00       0.0000000000D+00       0.0000000000D+00           
       0.0000000000D+00       0.0000000000D+00       0.0000000000D+00           
       0.0000000000D+00       0.0000000000D+00       0.0000000000D+00           
       0.0000000000D+00       0.0000000000D+00       0.1000000000D+01           
       0.0000000000D+00       0.0000000000D+00                                  
                                                                                
       0.0000000000D+00       0.0000000000D+00       0.0000000000D+00           
       0.0000000000D+00       0.0000000000D+00       0.0000000000D+00           
       0.0000000000D+00       0.0000000000D+00       0.0000000000D+00           
       0.0000000000D+00       0.0000000000D+00       0.0000000000D+00           
       0.1000000000D+01       0.0000000000D+00                                  
                                                                                
       0.0000000000D+00       0.0000000000D+00       0.0000000000D+00           
       0.0000000000D+00       0.0000000000D+00       0.0000000000D+00           
       0.0000000000D+00       0.0000000000D+00       0.0000000000D+00           
       0.0000000000D+00       0.0000000000D+00       0.0000000000D+00           
       0.0000000000D+00       0.1000000000D+01                                  
                                                                                
       0.4900854750D-01       0.9059901630D-01       0.1569389330D+00           
       0.2549422150D+00       0.3969983700D+00       0.5817501900D+00           
       0.7854593500D+00       0.9713952850D+00       0.1017485400D+01           
       0.8881348760D+00       0.5325776020D+00       0.2097448310D+00           
       0.5358788830D-01       0.5596492130D-02                                  
                                                                                
       0.0000000000D+00       0.0000000000D+00       0.0000000000D+00           
       0.0000000000D+00       0.0000000000D+00       0.0000000000D+00           
       0.0000000000D+00       0.0000000000D+00       0.0000000000D+00           
       0.0000000000D+00       0.0000000000D+00       0.1000000000D+01           
       0.0000000000D+00       0.0000000000D+00                                  
                                                                                
       0.0000000000D+00       0.0000000000D+00       0.0000000000D+00           
       0.0000000000D+00       0.0000000000D+00       0.0000000000D+00           
       0.0000000000D+00       0.0000000000D+00       0.0000000000D+00           
       0.0000000000D+00       0.0000000000D+00       0.0000000000D+00           
       0.1000000000D+01       0.0000000000D+00                                  
                                                                                
       0.0000000000D+00       0.0000000000D+00       0.0000000000D+00           
       0.0000000000D+00       0.0000000000D+00       0.0000000000D+00           
       0.0000000000D+00       0.0000000000D+00       0.0000000000D+00           
       0.0000000000D+00       0.0000000000D+00       0.0000000000D+00           
       0.0000000000D+00       0.1000000000D+01                                  
                                                                                
       0.0000000000D+00       0.0000000000D+00       0.0000000000D+00           
       0.0000000000D+00       0.0000000000D+00       0.0000000000D+00           
       0.0000000000D+00       0.0000000000D+00       0.0000000000D+00           
       0.0000000000D+00       0.1000000000D+01       0.0000000000D+00           
       0.0000000000D+00       0.0000000000D+00                                  
                                                                                
       0.0000000000D+00       0.0000000000D+00       0.0000000000D+00           
       0.0000000000D+00       0.0000000000D+00       0.0000000000D+00           
       0.0000000000D+00       0.0000000000D+00       0.0000000000D+00           
       0.0000000000D+00       0.0000000000D+00       0.1000000000D+01           
       0.0000000000D+00       0.0000000000D+00                                  
                                                                                
       0.0000000000D+00       0.0000000000D+00       0.0000000000D+00           
       0.0000000000D+00       0.0000000000D+00       0.0000000000D+00           
       0.0000000000D+00       0.0000000000D+00       0.0000000000D+00           
       0.0000000000D+00       0.0000000000D+00       0.0000000000D+00           
       0.1000000000D+01       0.0000000000D+00                                  
                                                                                
       0.0000000000D+00       0.0000000000D+00       0.0000000000D+00           
       0.0000000000D+00       0.0000000000D+00       0.0000000000D+00           
       0.0000000000D+00       0.0000000000D+00       0.0000000000D+00           
       0.0000000000D+00       0.0000000000D+00       0.0000000000D+00           
       0.0000000000D+00       0.1000000000D+01                                  
                                                                                
 10.0000 -9.00000                                                               
WFOUT                                                                           
     2     SPIN
    20     NUMBER OF OCCUPIED ORBITALS, EVALUES:
  -24.1169670884      -18.6741957658      -1.03819623640    
 -0.980209423065     -0.398079488071     -0.368307691121    
 -0.537467867183     -0.368508125652     -0.368514573679    
 -0.332678455785      -24.0908002473      -18.6706053568    
 -0.987822360231     -0.973971175106     -0.394071539061    
 -0.320009187202     -0.534348468036     -0.319993755438    
 -0.320872803505     -0.319993287141    
     4     NUMBER OF REPRESENTATIONS
     6    50
   1.00000000000       1.00000000000       1.00000000000    
   1.00000000000       1.00000000000       1.00000000000    
  
  0.404993612056E-10  0.135405359757E-09  0.162115280018E-09
 -0.311603731816E-09 -0.129741038256E-09 -0.939561361285E-11
  0.152110894527E-11 -0.709922241752E-10 -0.190168669188E-10
 -0.119859010592E-09 -0.109219845961E-09 -0.540058727678E-10
  0.974047071208E-10  0.950412993734E-10  0.756056546983E-10
  0.200410910611E-10  0.220100156634E-10  0.449950132806E-10
 -0.350680899196E-11  0.103827987229E-10  0.145937540251E-09
  0.366829958987E-10  0.295453188138E-10  0.234663996966E-10
 -0.326297160251E-10 -0.194003933822E-10 -0.478364557566E-10
 -0.281346649145E-10  0.185321458357E-10  0.208046096398E-11
 -0.378849314933E-11  0.241336788135E-10  0.998918278774    
 -0.219678047207E-02  0.201346220550E-02  0.362901677696E-03
 -0.241485472887E-04 -0.657314546486E-05  0.275953461523E-05
  0.764092720979E-07  0.640357475960E-07 -0.211714699136E-02
 -0.212830780233E-02 -0.211679302552E-02 -0.562479223628E-03
 -0.560721237165E-03 -0.562534950191E-03  0.203831518199E-04
  0.202454354520E-04  0.203875169341E-04
  
 -0.999980140890     -0.368443947667E-03  0.573411875062E-03
 -0.595022513209E-03 -0.488062982202E-04 -0.694956912422E-02
  0.346232815967E-02 -0.261764847445E-05  0.263186960756E-04
 -0.149793340533E-02 -0.811283557786E-03  0.997521235205E-04
  0.102605182558E-02  0.836988212470E-03  0.179012838567E-03
 -0.161135274785E-03 -0.102050271965E-03 -0.279724453969E-04
 -0.543433291773E-04 -0.450068923933E-03  0.576908778155E-03
  0.142095496423E-04 -0.155435294529E-03 -0.106210125054E-03
  0.840436898360E-03  0.535705826481E-03 -0.129914369265E-03
 -0.103120963638E-03 -0.453052912891E-03 -0.141607696895E-03
 -0.188519518611E-04 -0.515089761992E-03  0.802846975286E-10
  0.259942099848E-09  0.470473107298E-09 -0.551436778921E-09
 -0.646595015256E-10 -0.920944308239E-10  0.137638181914E-09
 -0.648640746741E-10  0.175203584604E-10 -0.172994659978E-09
 -0.175611765835E-09 -0.172979160018E-09  0.280353905876E-09
  0.281750248834E-09  0.280345630489E-09  0.993236275725E-10
  0.990252371280E-10  0.993253968994E-10
  
  0.941127385814E-09  0.327761213401E-08  0.116648795378E-07
 -0.193266660194E-07 -0.122423212430E-07 -0.317827788004E-09
  0.259351246173E-09 -0.551915789093E-08 -0.184344366646E-08
 -0.457897776616E-08 -0.404308449814E-08 -0.196706958708E-08
  0.518197203372E-08  0.501890124266E-08  0.418173761978E-08
  0.130905129005E-08  0.144874254360E-08  0.319921436231E-08
  0.587474485187E-11  0.529587529398E-09  0.119622641519E-07
  0.381200551117E-08  0.129820432256E-08  0.890918039952E-09
 -0.198083034970E-08 -0.107012416171E-08 -0.399376531862E-08
 -0.232244940379E-08  0.102919650975E-08 -0.242413944727E-10
 -0.348453469937E-09  0.125370265594E-08  0.671669820829E-03
   1.00260174233     -0.334220882140E-02  0.113435552425E-02
  0.554135019478E-03 -0.422457768585E-03  0.717593449852E-06
 -0.246135414045E-04 -0.355712205997E-05  0.147540849771E-03
 -0.540451738847E-04  0.153966230988E-03 -0.875397409957E-03
 -0.906277712803E-03 -0.874412753143E-03 -0.323980031704E-03
 -0.323098558875E-03 -0.323996036634E-03
  
  0.592601801505E-02 -0.863964010934      0.161397103216E-01
  0.174940921665E-01  0.332436358352E-02 -0.316903011255    
  0.835324105870E-03  0.125546473217E-01  0.217974170993E-02
 -0.288189359293E-01 -0.176003956081E-01  0.151225409258E-01
  0.189403856111E-02  0.723315991432E-03  0.541502144528E-02
  0.163112557724E-02  0.137392348918E-02  0.137867810210E-02
 -0.614089127889      0.109026014335E-01  0.421678183229E-01
  0.216798097633E-01  0.315208446109E-01  0.206601655074E-01
  0.249092591472E-01  0.157135029563E-01  0.392378487218E-02
  0.234178364473E-02 -0.477634203001E-02 -0.381529496682E-03
  0.399142840329E-02 -0.104849217813E-01  0.128972768074E-09
  0.548751748695E-09  0.222468707122E-08 -0.204601361241E-08
 -0.402456108898E-09 -0.204501640547E-09  0.458540872452E-09
 -0.317385268973E-09  0.108213829643E-09 -0.497776482922E-09
 -0.523409575826E-09 -0.497622753838E-09  0.985144492370E-09
  0.100258624315E-08  0.985041546151E-09  0.469839344610E-09
  0.464324936857E-09  0.469871862384E-09
  
  0.327722770239E-02  0.351433438311      0.365321906361E-02
  0.330886906474E-01  0.154108973069E-01  -1.42764130331    
  0.116491035492E-01  0.141062962118E-01  0.204098486633E-02
  0.247777160303E-02 -0.410694423160E-01  0.260294707913E-01
  0.126471951171E-01 -0.554206562641E-02  0.500090793971E-02
  0.186505561765E-02 -0.932545207153E-03  0.165622566441E-02
 -0.521802273473     -0.486394451295E-02  0.117019078183E-01
  0.141121849176E-01  0.222516137392E-01 -0.577178242470E-02
  0.267345796747E-01 -0.481443891728E-02  0.651342979739E-02
 -0.435181772396E-02 -0.101933529807E-01  0.446426165281E-02
  0.302519414346E-02 -0.326551935873E-02  0.601562115480E-08
  0.229948088282E-07  0.116285617048E-06 -0.102290128087E-06
 -0.243604911244E-07  0.107907101165E-06  0.260046398410E-07
 -0.200196950960E-07  0.792331046434E-08 -0.243734992433E-07
 -0.250555210490E-07 -0.243696466089E-07  0.499309264362E-07
  0.503954853895E-07  0.499282732066E-07  0.252860412793E-07
  0.251155184184E-07  0.252869900109E-07
  
  0.445134655290E-07  0.171504221133E-06  0.635221073965E-06
 -0.101565670775E-05 -0.791344535081E-06 -0.168683819053E-06
  0.181811903228E-07 -0.306398282385E-06 -0.120435782851E-06
 -0.221350457672E-06 -0.201369380383E-06 -0.960029048973E-07
  0.271057724161E-06  0.261771700275E-06  0.220636684347E-06
  0.773373412871E-07  0.830696974372E-07  0.181447415162E-06
 -0.520747782788E-07  0.211088403039E-07  0.697942559071E-06
  0.266039172995E-06  0.663965974956E-07  0.428452142023E-07
 -0.980143861813E-07 -0.545902017743E-07 -0.231172239387E-06
 -0.131664055354E-06  0.470117200960E-07 -0.680557002315E-08
 -0.236577898234E-07  0.613155027412E-07 -0.141323685025E-04
 -0.544237978100E-03 -0.240641506741E-03  0.114223977390E-03
  0.143911859630E-03  -1.72962045569      0.100299474474E-02
  0.713585765837E-03 -0.786685861972E-03 -0.393788109482E-04
  0.199716226454E-03 -0.395484238450E-04 -0.620891525360E-04
 -0.119779203634E-03 -0.619819645588E-04 -0.795514833550E-04
  0.744161669816E-05 -0.796162687106E-04
     2    28
   1.00000000000       1.00000000000    
  
   1.34035206920     -0.809265165326E-02 -0.277185605502E-01
 -0.554961313843E-02  0.122735761201      0.150681600719E-01
  0.704422369367E-03  0.928358478164     -0.309119776669E-02
 -0.388510478599E-01 -0.294296004021E-01 -0.239177565821E-01
 -0.304221422318E-01 -0.141522824955E-01 -0.255757308396E-01
 -0.374983302361E-02 -0.516150411365E-02 -0.148816850901E-02
  0.447855164010E-02 -0.364498593488E-02  0.113652155966E-01
  0.492244208913E-10  0.123809551782E-08 -0.920146577531E-09
  0.345012746443E-09 -0.718803446317E-10  0.496118149351E-10
 -0.170958974228E-10
  
 -0.624735983656E-08 -0.747115132163E-09 -0.497771152559E-07
 -0.163345044975E-07 -0.134950859346E-07 -0.111161096064E-08
 -0.216588104921E-07  0.120872104877E-07  0.101326752967E-07
  0.740868732011E-07  0.325629987465E-07  0.488862007929E-08
  0.257176561498E-08 -0.106077200096E-07 -0.751205352458E-08
 -0.279568108378E-07 -0.246278925339E-07  0.941803164366E-08
  0.862081562948E-08  0.512729532625E-08  0.132399734103E-07
   1.72981511313     -0.993058258108E-03 -0.726475550394E-03
  0.768617185623E-03 -0.232916679439E-03  0.537317381012E-04
 -0.846215925042E-04
     2    19
   1.00000000000      0.999998754845    
  
  0.211991427465E-09  0.309969584132E-10 -0.127765421273E-10
  0.234502963629E-10  0.591360616267E-10 -0.384554339825E-10
  0.248107802544E-10 -0.208494156064E-10  0.354455283123E-10
 -0.371327736284E-10  0.688977389157E-11 -0.184816582592E-11
   1.72982108318     -0.992724444566E-03 -0.726893775578E-03
  0.768067385081E-03 -0.232582863921E-03  0.535145241645E-04
 -0.844909351025E-04
  
   1.62419515976     -0.688313142889E-03 -0.115107406298E-02
  0.193159016392E-02  0.638510624662E-01  0.131352401867E-01
  0.431082098913E-02  0.248896137994E-01  0.297450051056E-01
  0.967859893445E-02 -0.175068528238E-01 -0.124099304860E-01
 -0.386452979992E-09  0.754421654870E-10 -0.582608385672E-10
  0.234282584479E-10 -0.176263812426E-12  0.144499279284E-12
 -0.397417440769E-13
     0    11

     6    50
   1.00000000000       1.00000000000       1.00000000000    
   1.00000000000       1.00000000000      0.716462387359    
  
  0.404218411168E-10  0.135148700454E-09  0.161896603536E-09
 -0.311134422264E-09 -0.129556209030E-09 -0.937948581386E-11
  0.151279148091E-11 -0.708836351222E-10 -0.189885198619E-10
 -0.119658569138E-09 -0.109035768258E-09 -0.539161809929E-10
  0.972545501575E-10  0.948957577481E-10  0.754965965107E-10
  0.200144201575E-10  0.219819926819E-10  0.449304044937E-10
 -0.346616045802E-11  0.103648495391E-10  0.145707229322E-09
  0.366312122529E-10  0.295002792071E-10  0.234282093514E-10
 -0.325820712183E-10 -0.193727492562E-10 -0.477654568587E-10
 -0.280949438403E-10  0.185109379111E-10  0.208517568141E-11
 -0.377790156637E-11  0.241023036464E-10   1.00070409812    
  0.914558190041E-03 -0.137558622814E-02 -0.270594558722E-03
 -0.393655132561E-04 -0.705282621076E-05  0.293102119480E-05
  0.899207939738E-07  0.678540006595E-07  0.280841991149E-02
  0.280993871593E-02  0.280837040129E-02  0.368225085157E-03
  0.367953913027E-03  0.368233906849E-03  0.434202286893E-04
  0.434420476790E-04  0.434195193051E-04
  
  -1.00014579219     -0.381779205120E-03  0.894136691327E-03
 -0.544284636491E-03 -0.590000243303E-04 -0.692284368628E-02
  0.345376591937E-02 -0.102715255403E-04  0.233576296126E-04
 -0.256036149091E-02 -0.186901642732E-02 -0.212585846875E-03
  0.926587660171E-03  0.734941202190E-03 -0.296523742670E-04
 -0.171286930040E-03 -0.111879255714E-03 -0.280359906270E-04
 -0.141381842451E-03 -0.442642585909E-03  0.612646082991E-03
  0.197469435994E-04 -0.153336365683E-03 -0.101465262224E-03
  0.839024181330E-03  0.532700882576E-03 -0.135242681397E-03
 -0.105730275041E-03 -0.455455890945E-03 -0.148835102194E-03
 -0.274046721349E-04 -0.500956398990E-03  0.962021166812E-10
  0.311461308329E-09  0.563709128183E-09 -0.660726927031E-09
 -0.774831974041E-10 -0.110281768625E-09  0.164885198876E-09
 -0.777371831121E-10  0.209992677684E-10 -0.207204214346E-09
 -0.210334553970E-09 -0.207185675619E-09  0.335909931275E-09
  0.337580627510E-09  0.335900031603E-09  0.119014889582E-09
  0.118657796472E-09  0.119017006811E-09
  
 -0.121122364133E-08 -0.455597066196E-08 -0.151692692201E-07
  0.251381625817E-07  0.160729974297E-07  0.287373946181E-09
 -0.351228104245E-09  0.721117288185E-08  0.242523343504E-08
  0.590675496930E-08  0.522177767697E-08  0.254816686101E-08
 -0.672724412826E-08 -0.651750419953E-08 -0.542273721436E-08
 -0.170291133821E-08 -0.188213244575E-08 -0.416989285032E-08
 -0.221847684016E-09 -0.672845960221E-09 -0.156471413370E-07
 -0.500832481150E-08 -0.166740564517E-08 -0.114431380634E-08
  0.257793243092E-08  0.139318783562E-08  0.522548390570E-08
  0.303276949670E-08 -0.132362980403E-08  0.472432758397E-10
  0.467029532174E-09 -0.162218595081E-08  0.999052379612E-03
 -0.986195910114      0.263140292561E-02 -0.300869924891E-02
 -0.127901676057E-02  0.448032541538E-03 -0.109647799767E-05
  0.251889821607E-04  0.440451823929E-05 -0.474168567869E-03
 -0.473601953184E-03 -0.474201902237E-03 -0.118890460753E-02
 -0.117691930430E-02 -0.118927170148E-02 -0.129337360297E-03
 -0.133895329343E-03 -0.129200038804E-03
  
  0.617222913124E-02 -0.860040035670      0.163368945251E-01
  0.178514472230E-01  0.332372556304E-02 -0.317504392879    
  0.135805235471E-02  0.129036264603E-01  0.219274953528E-02
 -0.307812946559E-01 -0.196613176301E-01  0.194948921887E-01
  0.151921384942E-02  0.466755467529E-03  0.595129625402E-02
  0.156201401076E-02  0.135750349081E-02  0.140169608821E-02
 -0.618743386210      0.104375086478E-01  0.420745464243E-01
  0.218202037750E-01  0.314573652380E-01  0.207558929003E-01
  0.255787736663E-01  0.158754996695E-01  0.405736778282E-02
  0.237495737436E-02 -0.515185168465E-02 -0.445706219288E-03
  0.406306153847E-02 -0.105234460984E-01  0.140664152679E-09
  0.100192617050E-08  0.243638213236E-08 -0.223966516775E-08
 -0.440784406690E-09 -0.226470271712E-09  0.502910025926E-09
 -0.348439741865E-09  0.118957817583E-09 -0.544779891956E-09
 -0.572510956297E-09 -0.544615104965E-09  0.107987990522E-08
  0.109878909501E-08  0.107976853211E-08  0.515034935907E-09
  0.509061857833E-09  0.515069960514E-09
  
 -0.320948904980E-02 -0.352804129017     -0.394277820915E-02
 -0.347095245350E-01 -0.160507922590E-01   1.42159032606    
 -0.127327625039E-01 -0.150389544168E-01 -0.195929855110E-02
 -0.320857338786E-02  0.404328420354E-01 -0.241719008987E-01
 -0.134300580795E-01  0.423313562439E-02 -0.447114509100E-02
 -0.200536435184E-02  0.569975286799E-03 -0.153751420367E-02
  0.521990016120      0.618007872722E-02 -0.102489389930E-01
 -0.139378858704E-01 -0.215778400394E-01  0.584272588298E-02
 -0.285152833936E-01  0.453894151798E-02 -0.694101741140E-02
  0.437072091238E-02  0.113462770612E-01 -0.428729754294E-02
 -0.309386898624E-02  0.347987612566E-02 -0.627881921613E-08
 -0.241255790396E-07 -0.121519112890E-06  0.106844923723E-06
  0.254936956647E-07 -0.357022601087E-07 -0.272368164475E-07
  0.207561224475E-07 -0.831532932021E-08  0.254481285918E-07
  0.261473554040E-07  0.254441463091E-07 -0.521726408918E-07
 -0.526549707750E-07 -0.521698750722E-07 -0.264413343574E-07
 -0.262674664419E-07 -0.264423202345E-07
  
 -0.579629512201E-07 -0.195616897423E-06 -0.842101736705E-06
  0.134162623001E-05  0.107390366172E-05  0.143357927082E-06
 -0.234689578865E-07  0.407069161162E-06  0.163490719226E-06
  0.290018190146E-06  0.261951427194E-06  0.128086768416E-06
 -0.357190444975E-06 -0.346308176374E-06 -0.291358986335E-06
 -0.103919515935E-06 -0.111352832383E-06 -0.241726368786E-06
  0.321745209571E-07 -0.269084398541E-07 -0.929673463636E-06
 -0.364112343402E-06 -0.860153363799E-07 -0.567894586766E-07
  0.129651624832E-06  0.712169061704E-07  0.308391817236E-06
  0.174414272300E-06 -0.617468846491E-07  0.994879625291E-08
  0.321815002712E-07 -0.806304177658E-07  0.160225646355E-04
  0.592699974279E-03  0.316541804449E-03 -0.153861177313E-03
 -0.182756455573E-03   1.68591257916      0.658144896056E-03
  0.432537414308E-02  0.310499310506E-02  0.382844218009E-04
 -0.234557966828E-03  0.384740975351E-04  0.872464341285E-04
  0.162233900170E-03  0.871211519447E-04  0.102738461500E-03
  0.585673317599E-05  0.102811320599E-03
     2    28
   1.00000000000      0.713317072428    
  
   1.33431098002     -0.977040577055E-02 -0.292881956221E-01
 -0.557536923979E-02  0.123438546840      0.126137307535E-01
  0.974004109634E-04  0.931727916799     -0.118277245803E-02
 -0.370638296187E-01 -0.293697601310E-01 -0.238487750969E-01
 -0.301574760351E-01 -0.156246988841E-01 -0.270586478682E-01
 -0.415028918315E-02 -0.556195436194E-02 -0.913746139797E-03
  0.518142142942E-02 -0.369254471299E-02  0.123192394375E-01
 -0.110352838824E-09  0.130205595131E-08 -0.966792846329E-09
  0.363738942376E-09 -0.752221618367E-10  0.520295470667E-10
 -0.178877174256E-10
  
 -0.924048703828E-08 -0.903959634824E-09 -0.657772748039E-07
 -0.221501883118E-07 -0.177041123893E-07 -0.128818909908E-08
 -0.286923363037E-07  0.161147516057E-07  0.133049221059E-07
  0.984125847908E-07  0.446620237042E-07  0.640496361829E-08
  0.337334812134E-08 -0.138204881189E-07 -0.973607571855E-08
 -0.371500258854E-07 -0.327470788543E-07  0.123276120835E-07
  0.112662096361E-07  0.671563235312E-08  0.173408041784E-07
   1.68595566703      0.669506637846E-03  0.433601016461E-02
  0.309364774327E-02 -0.265979289705E-03  0.704453071619E-04
 -0.942535922777E-04
     2    19
  0.857000487606      0.713221297913    
  
   1.61016071458     -0.122823778733E-02 -0.831724477640E-03
  0.259769787525E-02  0.638020261470E-01  0.117568061723E-01
  0.405114510937E-02  0.246093515748E-01  0.311734825483E-01
  0.102701007079E-01 -0.189588240330E-01 -0.131332882124E-01
  0.149840674467E-07  0.859558916179E-10 -0.237035997991E-10
  0.528145603619E-10 -0.260392945914E-11  0.790985646745E-12
 -0.899109080444E-12
  
  0.144987001374E-07 -0.511003698325E-10  0.936310310195E-11
 -0.743382157145E-11  0.509891809223E-09  0.157250643177E-09
  0.523991860850E-11  0.252269397065E-09  0.240137008194E-09
  0.142319725260E-09 -0.182314403442E-09 -0.117856185531E-09
  -1.68595685617     -0.669901680070E-03 -0.433631396926E-02
 -0.309331523145E-02  0.265600911382E-03 -0.701947677812E-04
  0.941078849313E-04
     0    11

