  IT          TRACE                ETOT                 EKIN+ENONLOC          CHARGE              EDFT+SIC              LOWEST
   1        -95.067047829       -174.503900589        176.118547440         18.999999254       -174.503900589       -174.503900589
   2        -94.923159675       -158.313605438        166.063177011         18.999996404       -158.313605438       -174.503900589
   3        -94.591529874       -174.947068154        174.885982102         18.999999618       -174.947068154       -174.947068154
   4        -94.306368770       -174.580696848        175.481247592         18.999999469       -174.580696848       -174.947068154
   5        -94.111754181       -174.939452709        174.192601282         18.999999605       -174.939452709       -174.947068154
   6        -94.009781822       -174.946023700        174.056655201         18.999999601       -174.946023700       -174.947068154
   7        -93.953371455       -174.952954296        173.986169221         18.999999598       -174.952954296       -174.952954296
   8        -93.798837489       -174.960910284        173.851014106         18.999999585       -174.960910284       -174.960910284
   9        -93.777147740       -174.969466072        173.862902152         18.999999582       -174.969466072       -174.969466072
  10        -93.882115053       -174.977901181        174.088514973         18.999999587       -174.977901181       -174.977901181
  11        -93.912736393       -174.569044129        175.131884666         18.999999455       -174.569044129       -174.977901181
  12        -93.812909962       -174.975764768        174.049178794         18.999999585       -174.975764768       -174.977901181
  13        -93.799746031       -175.001152341        174.023932863         18.999999583       -175.001152341       -175.001152341
  14        -93.800169568       -174.976437504        174.024083292         18.999999583       -174.976437504       -175.001152341
  15        -93.815987030       -175.004590826        174.060220374         18.999999584       -175.004590826       -175.004590826
  16        -93.834494670       -174.556691168        175.069414194         18.999999452       -174.556691168       -175.004590826
  17        -93.760740093       -174.978029672        173.980173260         18.999999582       -174.978029672       -175.004590826
  18        -93.776781698       -174.978540869        174.014454150         18.999999582       -174.978540869       -175.004590826
  19        -93.771701721       -174.993148668        174.011399762         18.999999582       -174.993148668       -175.004590826
  20        -93.770042020       -174.979721694        174.009570505         18.999999582       -174.979721694       -175.004590826
  21        -93.762585338       -175.000746676        174.002664015         18.999999582       -175.000746676       -175.004590826
  22        -93.805287767       -174.551889320        175.044586697         18.999999450       -174.551889320       -175.004590826
  23        -93.712931806       -174.993617875        173.899412328         18.999999580       -174.993617875       -175.004590826
  24        -93.742175944       -174.998927101        173.967951349         18.999999581       -174.998927101       -175.004590826
  25        -93.753831493       -174.980938453        173.989763415         18.999999582       -174.980938453       -175.004590826
  26        -93.812807221       -174.547245970        175.051441321         18.999999450       -174.547245970       -175.004590826
  27        -93.683492723       -174.970041756        173.835744968         18.999999578       -174.970041756       -175.004590826
  28        -93.700407749       -174.992567833        173.878100206         18.999999578       -174.992567833       -175.004590826
  29        -93.723853859       -174.997977246        173.930984139         18.999999579       -174.997977246       -175.004590826
  30        -93.735124024       -175.003834128        173.958651684         18.999999581       -175.003834128       -175.004590826
  31        -93.777239336       -174.557064395        175.009216018         18.999999450       -174.557064395       -175.004590826
  32        -93.664302418       -174.942626194        173.796445521         18.999999595       -174.942626194       -175.004590826
  33        -93.690759716       -174.985259812        173.868923057         18.999999588       -174.985259812       -175.004590826
  34        -93.702946465       -174.993077300        173.897781212         18.999999586       -174.993077300       -175.004590826
  35        -93.748773677       -175.007569130        173.981103761         18.999999581       -175.007569130       -175.007569130
  36        -93.744594816       -175.005761744        173.969159908         18.999999581       -175.005761744       -175.007569130
  37        -93.917634199       -174.999756090        174.190710839         18.999999583       -174.999756090       -175.007569130
  38        -93.943829178       -174.996443874        174.215860104         18.999999583       -174.996443874       -175.007569130
  39        -93.918420157       -174.999089603        174.174533581         18.999999583       -174.999089603       -175.007569130
  40        -93.961000705       -174.494892712        175.107919573         18.999999449       -174.494892712       -175.007569130
  41        -93.811433372       -174.544374382        175.017506858         18.999999450       -174.544374382       -175.007569130
  42        -93.695031203       -174.985557861        173.859522792         18.999999581       -174.985557861       -175.007569130
  43        -93.765937999       -174.994272183        173.995579078         18.999999581       -174.994272183       -175.007569130
  44        -93.823387064       -175.012425676        174.108367714         18.999999582       -175.012425676       -175.012425676
  45        -93.817092401       -175.013322926        174.106119518         18.999999583       -175.013322926       -175.013322926
  46        -93.835648543       -175.015013854        174.134590971         18.999999582       -175.015013854       -175.015013854
  47        -93.836194259       -175.020283380        174.143105672         18.999999577       -175.020283380       -175.020283380
  48        -93.894455694       -174.500620036        175.105609991         18.999999444       -174.500620036       -175.020283380
  49        -93.849532004       -174.522238301        175.050092003         18.999999446       -174.522238301       -175.020283380
  50        -93.880302719       -174.508638313        175.082687659         18.999999445       -174.508638313       -175.020283380
  51        -94.165246644       -174.399023190        175.259115212         18.999999447       -174.399023190       -175.020283380
  52        -94.163877430       -174.399308092        175.258108379         18.999999447       -174.399308092       -175.020283380
  53        -94.004915162       -174.472094598        175.183534571         18.999999450       -174.472094598       -175.020283380
  54        -93.679740898       -174.971352171        173.797863464         18.999999554       -174.971352171       -175.020283380
  55        -93.929943449       -174.527258687        175.212852786         18.999999453       -174.527258687       -175.020283380
  56        -93.671964213       -174.979136270        173.782356576         18.999999554       -174.979136270       -175.020283380
  57        -93.712935145       -174.995197632        173.903666666         18.999999567       -174.995197632       -175.020283380
  58        -93.921618027       -174.519996094        175.171985104         18.999999451       -174.519996094       -175.020283380
  59        -93.688071548       -174.988901206        173.832545351         18.999999561       -174.988901206       -175.020283380
  60        -93.863076912       -174.544161635        175.122163319         18.999999451       -174.544161635       -175.020283380
  61        -93.676502459       -174.984054934        173.800819527         18.999999562       -174.984054934       -175.020283380
  62        -93.744479413       -175.001906563        173.937139584         18.999999560       -175.001906563       -175.020283380
  63        -94.053456906       -174.458710634        175.473916549         18.999999431       -174.458710634       -175.020283380
  64        -93.842686032       -174.552346797        175.205013945         18.999999441       -174.552346797       -175.020283380
  65        -93.766701961       -175.004453205        173.990728541         18.999999564       -175.004453205       -175.020283380
  66        -93.732815607       -174.995914938        173.937955721         18.999999571       -174.995914938       -175.020283380
  67        -93.678337147       -174.982453756        173.830657953         18.999999576       -174.982453756       -175.020283380
  68        -93.687114656       -174.992190984        173.860763405         18.999999578       -174.992190984       -175.020283380
  69        -93.705030434       -175.001941672        173.902080154         18.999999579       -175.001941672       -175.020283380
  70        -93.753632180       -175.012836089        173.985872164         18.999999581       -175.012836089       -175.020283380
  71        -93.856170187       -174.524044462        175.051492620         18.999999449       -174.524044462       -175.020283380
  72        -93.688817010       -174.987634363        173.857386513         18.999999579       -174.987634363       -175.020283380
  73        -93.786539895       -175.014193948        174.041589839         18.999999582       -175.014193948       -175.020283380
  74        -93.848654231       -174.531473650        175.052634402         18.999999450       -174.531473650       -175.020283380
  75        -93.713965732       -174.994986844        173.913279900         18.999999580       -174.994986844       -175.020283380
  76        -93.785563176       -175.013624973        174.042701774         18.999999582       -175.013624973       -175.020283380
  77        -93.822255333       -174.532721088        175.050873283         18.999999446       -174.532721088       -175.020283380
  78        -93.787120570       -175.014310760        174.044994605         18.999999581       -175.014310760       -175.020283380
  79        -93.789567276       -175.014876840        174.049052752         18.999999581       -175.014876840       -175.020283380
  80        -93.781674094       -175.013527297        174.036102101         18.999999582       -175.013527297       -175.020283380
  81        -93.775517005       -175.012714183        174.025872695         18.999999582       -175.012714183       -175.020283380
  82        -93.782921983       -175.013740010        174.037975505         18.999999582       -175.013740010       -175.020283380
  83        -93.822240165       -174.541683326        175.031702434         18.999999450       -174.541683326       -175.020283380
  84        -93.704880748       -174.998050864        173.893058062         18.999999581       -174.998050864       -175.020283380
  85        -93.794492439       -175.014479570        174.060960824         18.999999582       -175.014479570       -175.020283380
  86        -93.785472991       -175.013847651        174.045674419         18.999999582       -175.013847651       -175.020283380
  87        -93.809138470       -174.551770347        175.009298794         18.999999451       -174.551770347       -175.020283380
  88        -93.716546171       -174.998880443        173.918093984         18.999999581       -174.998880443       -175.020283380
  89        -93.762246619       -175.009608131        174.009518949         18.999999581       -175.009608131       -175.020283380
  90        -93.771852688       -175.012832754        174.024510587         18.999999581       -175.012832754       -175.020283380
  91        -93.842551595       -174.533112417        175.049898789         18.999999450       -174.533112417       -175.020283380
  92        -93.694650068       -174.969148173        173.883017313         18.999999596       -174.969148173       -175.020283380
  93        -93.713359137       -174.994673882        173.928783292         18.999999589       -174.994673882       -175.020283380
  94        -93.753354310       -175.012309830        173.993078488         18.999999581       -175.012309830       -175.020283380
  95        -93.767530455       -175.013337883        174.016939902         18.999999581       -175.013337883       -175.020283380
  96        -93.803776682       -174.633691527        174.937364557         18.999999461       -174.633691527       -175.020283380
  97        -93.768754312       -175.012747255        174.019807493         18.999999582       -175.012747255       -175.020283380
  98        -93.784452036       -175.014198677        174.045407367         18.999999582       -175.014198677       -175.020283380
  99        -93.790162276       -175.016744361        174.063617434         18.999999581       -175.016744361       -175.020283380
 100        -93.808723251       -174.566002795        175.001370989         18.999999452       -174.566002795       -175.020283380
  IT          TRACE                ETOT                 EKIN+ENONLOC          CHARGE              EDFT+SIC              LOWEST
 101        -95.837777902       -158.221006988        167.215461171         18.999996633       -158.221006988       -158.221006988
 102       -142.486689882       -125.911915342        201.181502322         18.999999989       -125.911915342       -158.221006988
 103       -121.998149132       -134.118656963        188.123383007         18.999999901       -134.118656963       -158.221006988
 104       -133.871948786       -127.687397378        186.854892245         18.999999838       -127.687397378       -158.221006988
 105       -105.011445244       -155.648078768        175.117730305         18.999998322       -155.648078768       -158.221006988
 106       -103.592643051       -173.510068853        185.176915040         18.999999661       -173.510068853       -173.510068853
 107       -104.195673895       -173.351428964        185.475661665         18.999999647       -173.351428964       -173.510068853
 108       -102.619807192       -174.027987419        183.924596878         18.999999797       -174.027987419       -174.027987419
 109       -101.069563906       -174.169405893        182.154908088         18.999999770       -174.169405893       -174.169405893
 110        -97.147137040       -163.884215710        169.317263445         18.999997599       -163.884215710       -174.169405893
 111        -97.428351757       -174.242665325        178.896547374         18.999999477       -174.242665325       -174.242665325
 112        -95.463417219       -174.983862437        175.265614559         18.999999583       -174.983862437       -174.983862437
 113        -95.465687627       -174.984123089        175.271788901         18.999999584       -174.984123089       -174.984123089
 114        -96.068865786       -174.243289038        177.147127038         18.999999466       -174.243289038       -174.984123089
 115        -95.884126163       -174.180033437        176.879719924         18.999999458       -174.180033437       -174.984123089
 116        -95.153111236       -174.375585621        176.304905196         18.999999475       -174.375585621       -174.984123089
 117        -94.821516510       -174.432345833        176.102177659         18.999999483       -174.432345833       -174.984123089
 118        -94.125507035       -174.988771881        174.463036616         18.999999621       -174.988771881       -174.988771881
 119        -94.373750409       -174.496774390        175.592258332         18.999999476       -174.496774390       -174.988771881
 120        -94.109183698       -174.624805129        175.351470671         18.999999486       -174.624805129       -174.988771881
 121        -94.064007686       -174.982391480        174.394930421         18.999999608       -174.982391480       -174.988771881
 122        -94.310096405       -174.544406053        175.624710207         18.999999474       -174.544406053       -174.988771881
 123        -94.001999823       -174.986210871        174.315602106         18.999999603       -174.986210871       -174.988771881
 124        -94.209375246       -174.561366226        175.519762131         18.999999472       -174.561366226       -174.988771881
 125        -93.984090693       -174.987546287        174.295990617         18.999999601       -174.987546287       -174.988771881
 126        -94.104781597       -175.021521880        174.679790981         18.999999572       -175.021521880       -175.021521880
 127        -94.095804763       -175.011628234        174.506057971         18.999999598       -175.011628234       -175.021521880
 128        -94.150957815       -174.563622061        175.439603315         18.999999473       -174.563622061       -175.021521880
 129        -93.986062540       -174.997446447        174.313163979         18.999999600       -174.997446447       -175.021521880
 130        -94.039020952       -174.855048796        175.017202614         18.999999510       -174.855048796       -175.021521880
 131        -93.982844529       -175.001284500        174.312527988         18.999999599       -175.001284500       -175.021521880
 132        -93.921706581       -174.579829081        175.147275019         18.999999459       -174.579829081       -175.021521880
 133        -93.879839038       -175.007024538        174.149229065         18.999999592       -175.007024538       -175.021521880
 134        -93.793353729       -175.012054957        174.016093830         18.999999585       -175.012054957       -175.021521880
 135        -93.783306277       -175.013850498        174.006954203         18.999999583       -175.013850498       -175.021521880
 136        -93.796015446       -175.025718302        174.235060100         18.999999555       -175.025718302       -175.025718302
 137        -93.804368535       -175.015594966        174.332476503         18.999999545       -175.015594966       -175.025718302
 138        -93.795114836       -175.014199331        174.051024654         18.999999583       -175.014199331       -175.025718302
 139        -93.791437770       -175.014019879        174.044153202         18.999999583       -175.014019879       -175.025718302
 140        -93.789083255       -175.015011650        174.051531970         18.999999583       -175.015011650       -175.025718302
 141        -93.789882398       -175.016345932        174.058625490         18.999999582       -175.016345932       -175.025718302
 142        -93.795216303       -174.985579093        174.434236018         18.999999530       -174.985579093       -175.025718302
 143        -93.792355477       -175.014910320        174.057165999         18.999999583       -175.014910320       -175.025718302
 144        -93.792817908       -175.026443254        174.136310765         18.999999572       -175.026443254       -175.026443254
 145        -93.795409634       -175.021457673        174.292745274         18.999999550       -175.021457673       -175.026443254
 146        -93.793621848       -175.018209563        174.074650954         18.999999580       -175.018209563       -175.026443254
 147        -93.832427388       -174.529688375        175.056507595         18.999999446       -174.529688375       -175.026443254
 148        -93.794436779       -175.021632484        174.290036324         18.999999550       -175.021632484       -175.026443254
 149        -93.794231749       -175.019496471        174.082990673         18.999999580       -175.019496471       -175.026443254
 150        -93.794597968       -175.028245621        174.216453660         18.999999560       -175.028245621       -175.028245621
 151        -93.794841115       -175.028514664        174.180451619         18.999999566       -175.028514664       -175.028514664
 152        -93.795150492       -175.028440405        174.210726675         18.999999562       -175.028440405       -175.028514664
 153        -93.795232391       -175.028630322        174.189627299         18.999999565       -175.028630322       -175.028630322
 154        -93.795348331       -175.028614360        174.200879658         18.999999563       -175.028614360       -175.028630322
 155        -93.795385317       -175.028646235        174.194620886         18.999999564       -175.028646235       -175.028646235
 156        -93.795441150       -175.028634799        174.198246234         18.999999564       -175.028634799       -175.028646235
 157        -93.795454922       -175.028645693        174.195174345         18.999999564       -175.028645693       -175.028646235
 158        -93.795456821       -175.028643899        174.195975238         18.999999564       -175.028643899       -175.028646235
 159        -93.795453667       -175.028645949        174.194879675         18.999999564       -175.028645949       -175.028646235
 160        -93.795466270       -175.028645985        174.194868153         18.999999564       -175.028645985       -175.028646235
 161        -93.795489179       -175.028646384        174.194329212         18.999999564       -175.028646384       -175.028646384
