     5    3        5    3
         0.0003067832        0.0000008776        0.0004492242    1   1
         0.8649844066        0.8498537235        0.8647861651    1   2
        -0.8658944669       -0.8496688230        0.8647731626    1   3
        -0.8659322263        0.8492247816       -0.8661615173    1   4
         0.8649766603       -0.8495496575       -0.8661290737    1   5
  
  
        -0.0000396724       -0.0004711990       -0.0000555950    1   1
         0.9877842189        0.5205523307        0.9886755690    1   2
        -0.9854215807       -0.5279807489        0.9900538128    1   3
  
  
