           5           3
         0.0003067832        0.0000008776        0.0004492242    1   1
         0.0001023145       -0.0000012504        0.0001498222
         0.8649844066        0.8498537235        0.8647861651    1   2
         0.0000265044        0.0000465456        0.0000233049
        -0.8658944669       -0.8496688230        0.8647731626    1   3
        -0.0000379659       -0.0000475237        0.0000209925
        -0.8659322263        0.8492247816       -0.8661615173    1   4
        -0.0000354538        0.0000445415       -0.0000386435
         0.8649766603       -0.8495496575       -0.8661290737    1   5
         0.0000232837       -0.0000471474       -0.0000402473

        -0.0000396724       -0.0004711990       -0.0000555950    1   1
        -0.0000016150       -0.0002557247       -0.0000011701
         0.9877842189        0.5205523307        0.9886755690    1   2
        -0.0000039608        0.0000347578       -0.0000040345
        -0.9854215807       -0.5279807489        0.9900538128    1   3
        -0.0000110935        0.0000697585        0.0000119110

