   1          TOTAL NUMBER OF ATOM TYPES                                        
   9   9      ELECTRONIC AND NUCLEAR CHARGE                                     
ALL           ALL-ELECTRON ATOM TYPE                                            
   1          NUMBER OF ATOMS OF TYPE FLU                                       
 0.000000 0.000000 0.000000 UPO                                                 
 0                                                                              
  14          NUMBER OF BARE GAUSSIANS                                          
   5   4   3  NUMBER OF S,P,D FUNCTIONS                                         
   0   0   1  SUPPLEMENTARY S,P,D FUNCTIONS                                     
       0.1231742220D+06       0.1865493160D+05       0.4284660370D+04           
       0.1223150920D+04       0.4016733760D+03       0.1457852270D+03           
       0.5694551760D+02       0.2349311190D+02       0.1003418550D+02           
       0.4343769680D+01       0.1868203030D+01       0.7806879100D+00           
       0.3149846100D+00       0.1181861600D+00                                  
                                                                                
       0.2355763350D+00       0.4376225000D+00       0.7524712120D+00           
       0.1216638020D+01       0.1845316540D+01       0.2551384850D+01           
       0.3004077050D+01       0.2682876730D+01       0.1405497250D+01           
       0.2609771830D+00       0.2555561480D-02       0.7546130340D-03           
      -0.1646029690D-03       0.2082887950D-04                                  
                                                                                
      -0.5583942250D-01      -0.1035858050D+00      -0.1788144750D+00           
      -0.2894265580D+00      -0.4466115800D+00      -0.6343658820D+00           
      -0.8145208580D+00      -0.8538368980D+00      -0.6447789780D+00           
      -0.1142431720D+00       0.3167190590D+00       0.3041863400D+00           
       0.1005780670D+00       0.4817488440D-02                                  
                                                                                
       0.0000000000D+00       0.0000000000D+00       0.0000000000D+00           
       0.0000000000D+00       0.0000000000D+00       0.0000000000D+00           
       0.0000000000D+00       0.0000000000D+00       0.0000000000D+00           
       0.0000000000D+00       0.0000000000D+00       0.1000000000D+01           
       0.0000000000D+00       0.0000000000D+00                                  
                                                                                
       0.0000000000D+00       0.0000000000D+00       0.0000000000D+00           
       0.0000000000D+00       0.0000000000D+00       0.0000000000D+00           
       0.0000000000D+00       0.0000000000D+00       0.0000000000D+00           
       0.0000000000D+00       0.0000000000D+00       0.0000000000D+00           
       0.1000000000D+01       0.0000000000D+00                                  
                                                                                
       0.0000000000D+00       0.0000000000D+00       0.0000000000D+00           
       0.0000000000D+00       0.0000000000D+00       0.0000000000D+00           
       0.0000000000D+00       0.0000000000D+00       0.0000000000D+00           
       0.0000000000D+00       0.0000000000D+00       0.0000000000D+00           
       0.0000000000D+00       0.1000000000D+01                                  
                                                                                
       0.4900854750D-01       0.9059901630D-01       0.1569389330D+00           
       0.2549422150D+00       0.3969983700D+00       0.5817501900D+00           
       0.7854593500D+00       0.9713952850D+00       0.1017485400D+01           
       0.8881348760D+00       0.5325776020D+00       0.2097448310D+00           
       0.5358788830D-01       0.5596492130D-02                                  
                                                                                
       0.0000000000D+00       0.0000000000D+00       0.0000000000D+00           
       0.0000000000D+00       0.0000000000D+00       0.0000000000D+00           
       0.0000000000D+00       0.0000000000D+00       0.0000000000D+00           
       0.0000000000D+00       0.0000000000D+00       0.1000000000D+01           
       0.0000000000D+00       0.0000000000D+00                                  
                                                                                
       0.0000000000D+00       0.0000000000D+00       0.0000000000D+00           
       0.0000000000D+00       0.0000000000D+00       0.0000000000D+00           
       0.0000000000D+00       0.0000000000D+00       0.0000000000D+00           
       0.0000000000D+00       0.0000000000D+00       0.0000000000D+00           
       0.1000000000D+01       0.0000000000D+00                                  
                                                                                
       0.0000000000D+00       0.0000000000D+00       0.0000000000D+00           
       0.0000000000D+00       0.0000000000D+00       0.0000000000D+00           
       0.0000000000D+00       0.0000000000D+00       0.0000000000D+00           
       0.0000000000D+00       0.0000000000D+00       0.0000000000D+00           
       0.0000000000D+00       0.1000000000D+01                                  
                                                                                
       0.0000000000D+00       0.0000000000D+00       0.0000000000D+00           
       0.0000000000D+00       0.0000000000D+00       0.0000000000D+00           
       0.0000000000D+00       0.0000000000D+00       0.0000000000D+00           
       0.0000000000D+00       0.1000000000D+01       0.0000000000D+00           
       0.0000000000D+00       0.0000000000D+00                                  
                                                                                
       0.0000000000D+00       0.0000000000D+00       0.0000000000D+00           
       0.0000000000D+00       0.0000000000D+00       0.0000000000D+00           
       0.0000000000D+00       0.0000000000D+00       0.0000000000D+00           
       0.0000000000D+00       0.0000000000D+00       0.1000000000D+01           
       0.0000000000D+00       0.0000000000D+00                                  
                                                                                
       0.0000000000D+00       0.0000000000D+00       0.0000000000D+00           
       0.0000000000D+00       0.0000000000D+00       0.0000000000D+00           
       0.0000000000D+00       0.0000000000D+00       0.0000000000D+00           
       0.0000000000D+00       0.0000000000D+00       0.0000000000D+00           
       0.1000000000D+01       0.0000000000D+00                                  
                                                                                
       0.0000000000D+00       0.0000000000D+00       0.0000000000D+00           
       0.0000000000D+00       0.0000000000D+00       0.0000000000D+00           
       0.0000000000D+00       0.0000000000D+00       0.0000000000D+00           
       0.0000000000D+00       0.0000000000D+00       0.0000000000D+00           
       0.0000000000D+00       0.1000000000D+01                                  
                                                                                
 5.000000 3.000000                                                              
WFOUT                                                                           
     2     SPIN
    70     NUMBER OF OCCUPIED ORBITALS, EVALUES:
  -27.1547404586      -2.27669941221      -1.52447066052    
  -1.52446714014      -1.42904537867     -0.210245071454    
 -0.916278012599E-01 -0.916277748763E-01 -0.811672572264E-01
  0.294730127954      0.294970091909      0.309694932551    
  0.309695001652      0.314731124215      0.349282167116    
  0.642157250317      0.642157266379      0.673624076283    
   1.56075645976       1.79687199102       1.79718531947    
   1.83703043339       1.83703054401       1.85203364060    
   3.49695494911       3.49695495370       3.56648438665    
   3.99423081029       5.58423923146       5.58432074777    
   5.64736436418       5.64736440330       5.67017690551    
   10.6769409192       58.7872779113      -27.0853374984    
  -2.07382599936      -1.37414432449     -0.918858356947    
 -0.918858286590     -0.192955427463     -0.725700580974E-01
 -0.692708198441E-01 -0.692708084358E-01  0.331548701056    
  0.331548709343      0.334229177800      0.334937397810    
  0.334938241910      0.374336828004      0.700661846798    
  0.706355404434      0.706355418385       1.60498596148    
   1.89771966712       1.89771968998       1.90029264319    
   1.90029927720       1.90415204555       3.63299990100    
   3.64455971245       3.64455976884       4.07157138902    
   5.75938306155       5.75938311245       5.76826877439    
   5.76886728907       5.76887478880       10.8168193693    
   58.8791125376    
     1     NUMBER OF REPRESENTATIONS
    35    35
   1.00000000000       1.00000000000       1.00000000000    
   1.00000000000       1.00000000000       0.00000000000    
   0.00000000000       0.00000000000       0.00000000000    
   0.00000000000       0.00000000000       0.00000000000    
   0.00000000000       0.00000000000       0.00000000000    
   0.00000000000       0.00000000000       0.00000000000    
   0.00000000000       0.00000000000       0.00000000000    
   0.00000000000       0.00000000000       0.00000000000    
   0.00000000000       0.00000000000       0.00000000000    
   0.00000000000       0.00000000000       0.00000000000    
   0.00000000000       0.00000000000       0.00000000000    
   0.00000000000       0.00000000000    
  
   1.00712342257     -0.226129302601E-02 -0.165428676797E-01
 -0.193079932621E-02 -0.250397708012E-04  0.166032424163E-04
 -0.646227548698E-06  0.243148308318E-04 -0.323598416609E-05
  0.246816315884E-06 -0.473953288482E-05 -0.507908389223E-06
  0.842058911894E-08 -0.743761075756E-06 -0.109358708795E-06
  0.592183888945E-08 -0.160159420177E-06  0.383374768879E-01
  0.346083231223E-01  0.383375487199E-01 -0.458593478981E-04
 -0.155903747011E-06 -0.313203867690E-04  0.601865469551E-02
  0.664309468326E-02  0.601864289682E-02  0.753226734642E-05
  0.333903233928E-07  0.514428798398E-05  0.200969068068E-03
  0.153039095196E-03  0.200969979315E-03 -0.572913474897E-06
 -0.235962106880E-08 -0.391281668031E-06
  
  0.107307859616E-01   1.07761317335      0.155489328541E-01
 -0.135193950977E-01 -0.338996179088E-02 -0.125245144317E-03
 -0.173558890125E-04 -0.183328359607E-03  0.355850325262E-05
 -0.655212039132E-06  0.521340918290E-05  0.362161669367E-05
  0.716654684328E-06  0.530019615505E-05  0.663636076450E-06
  0.819394677652E-07  0.971442742010E-06  0.172174962735E-01
 -0.681660781153E-01  0.172191295057E-01 -0.103013401683E-02
 -0.356583458757E-05 -0.703544175329E-03 -0.121270654635E-01
 -0.205952576832E-01 -0.121269031707E-01 -0.983771596433E-04
 -0.190710666819E-06 -0.671874271296E-04 -0.318545859733E-02
 -0.383853916721E-02 -0.318544615736E-02 -0.755085223603E-05
 -0.170189502030E-07 -0.515694438097E-05
  
  0.694754479508E-05 -0.800983475198E-04  0.839515585441E-05
 -0.520226269191E-06 -0.495605461521E-06  -1.39172321909    
  0.143013673009E-01  -1.34513011763     -0.106137652448E-01
  0.103507643187E-03 -0.102584360527E-01  0.289923820100E-01
 -0.297483966920E-03  0.280217522698E-01  0.693617267368E-02
 -0.712679586710E-04  0.670395854513E-02 -0.243122461109E-04
 -0.247407052541E-04 -0.263727485765E-04 -0.369322034099E-01
  0.456440572726E-03 -0.382120205898E-01 -0.107407057082E-04
 -0.107839426214E-04 -0.113187477182E-04 -0.946362980014E-02
  0.112402555776E-03 -0.979149788839E-02 -0.110431548697E-05
 -0.131494910532E-05 -0.113148475521E-05 -0.144685991315E-02
  0.163268237861E-04 -0.149698865857E-02
  
  0.143175784085E-05 -0.165138840380E-04  0.173020080795E-05
 -0.106877063881E-06 -0.102131364733E-06   1.34515207262    
 -0.244285513055E-02  -1.39177184251      0.102586252402E-01
 -0.176800220247E-04 -0.106141709870E-01 -0.280220784515E-01
  0.508136606880E-04  0.289932548154E-01 -0.670405960485E-02
  0.121734733213E-04  0.693640636015E-02  0.697560654349E-06
 -0.509042499915E-05 -0.111530197584E-04 -0.382259633530E-01
 -0.779770803594E-04  0.369460506822E-01 -0.599080114290E-06
 -0.222407308716E-05 -0.394712238729E-05 -0.979317700623E-02
 -0.192057792986E-04  0.946519989634E-02 -0.154238708889E-06
 -0.271059430135E-06 -0.306771330226E-06 -0.149736751658E-02
 -0.278948115749E-05  0.144722224995E-02
  
  0.214794721647E-07  0.809862396610E-05 -0.825014180612E-07
  0.120742889906E-06  0.313791787753E-07  0.117804912365E-01
   1.90528208627      0.804548184709E-02  0.749483957762E-04
  0.113468153764E-01  0.511857018128E-04 -0.194851809548E-03
 -0.314956228652E-01 -0.133073880153E-03 -0.563630335698E-04
 -0.911596963008E-02 -0.384931347887E-04  0.445218093076E-05
 -0.849312529064E-05  0.445162743121E-05  0.215673327078E-03
  0.562525909050E-01  0.315968976078E-03  0.108255085555E-05
 -0.101449375069E-05  0.108239519719E-05  0.591383176878E-04
  0.147765715278E-01  0.866245513855E-04  0.167855647438E-06
 -0.164308903276E-06  0.167828364121E-06  0.993562819316E-05
  0.234913219159E-02  0.145533449671E-04
  
  0.296831719206E-01  0.421041150128      0.536323849214    
 -0.250529824875     -0.321541910940      0.229613047847E-04
 -0.663993682076E-05  0.336470874513E-04  0.211863120156E-06
 -0.189422312469E-08  0.309951339150E-06 -0.537442369105E-06
  0.473429720284E-06 -0.788612309940E-06 -0.197837718592E-07
  0.105163810828E-05 -0.329837000806E-07 -0.755547051501E-01
 -0.102861216488     -0.755541835484E-01 -0.327653286767E-03
 -0.135518131279E-05 -0.223775567905E-03  0.171860337222    
  0.171910588026      0.171860336357      0.902607699854E-06
  0.139468915655E-07  0.616064390475E-06  0.116283774693    
  0.119519445507      0.116283712785      0.383940626293E-04
  0.154744801218E-06  0.262221119082E-04
  
  0.937084018770E-06 -0.425939545087E-05 -0.703199232858E-07
 -0.203616489019E-06  0.325121147763E-06 -0.486842804767    
  0.497450967581E-02 -0.508214426152      0.360157294451E-01
 -0.368511942050E-03  0.375967595863E-01 -0.294154800231E-01
  0.300830017438E-03 -0.307067696275E-01  0.822289782753E-01
 -0.841265486778E-03  0.858386936690E-01 -0.167482748652E-07
  0.233161143692E-06 -0.984276992436E-09  0.179378057059E-03
 -0.237364572922E-05  0.171889376579E-03  0.304563606333E-08
  0.237973548716E-06 -0.143356170587E-06 -0.406816457755E-03
  0.422365289749E-05 -0.389653588364E-03  0.369875501398E-07
 -0.169741902379E-06  0.162407693915E-06  0.190917010020E-03
 -0.179894097647E-05  0.182845646368E-03
  
  0.155575166084E-06 -0.710156142210E-06 -0.163749814798E-07
 -0.310185213707E-07  0.562753386654E-07  0.508221970496    
 -0.104812990616E-02 -0.486860381033     -0.375972827499E-01
  0.776454506505E-04  0.360169911261E-01  0.307071886789E-01
 -0.633847336225E-04 -0.294165013596E-01 -0.858398836244E-01
  0.177255003301E-03  0.822318559490E-01 -0.446966442513E-07
  0.417460331123E-07  0.409228667653E-07  0.170594085627E-03
  0.502253763740E-06 -0.178134221203E-03  0.327714156686E-06
  0.399583505831E-07 -0.356852077558E-06 -0.391011318702E-03
 -0.888102856100E-06  0.408110279232E-03 -0.277739650649E-06
 -0.311223012176E-07  0.310255757563E-06  0.183888291008E-03
  0.377569319389E-06 -0.191911890795E-03
  
  0.316841746888E-06  0.368099183949E-05  0.818059807667E-05
 -0.442810734880E-05 -0.419328298896E-05  0.418832303823E-02
  0.700394823425      0.286049356203E-02 -0.346024707496E-03
 -0.579329633273E-01 -0.236324010470E-03  0.344613537790E-03
  0.576744799351E-01  0.235360122654E-03 -0.723850471758E-03
 -0.121175449493     -0.494367606346E-03 -0.160985582846E-06
 -0.330038960472E-05 -0.160890620227E-06 -0.231619920434E-06
 -0.143704928220E-03 -0.309454124998E-06  0.330840783803E-05
  0.284409918576E-05  0.330839395276E-05  0.231779763047E-05
  0.583404767250E-03  0.339773398449E-05  0.190376512030E-05
  0.233302949428E-05  0.190376782873E-05 -0.976717893599E-06
 -0.224587700497E-03 -0.143363869371E-05
  
 -0.109168444453E-09  0.272930602068E-06 -0.222675176492E-06
  0.169521757387E-06  0.661906542570E-07 -0.148811837024E-03
  0.265427720750E-01 -0.101612040545E-03 -0.392162729399E-05
  0.482922884565E-03 -0.267729090770E-05  0.692515505165E-05
 -0.849339768415E-03  0.472784566080E-05 -0.856293884910E-07
 -0.239437718891E-04 -0.582577390792E-07  0.988663011827E-05
 -0.196776954281E-04  0.989834214630E-05  0.342198898751E-02
 -0.840631067132      0.501056490938E-02 -0.298506740278E-05
  0.570684183613E-05 -0.298854871211E-05 -0.101793583394E-02
  0.250187948406     -0.149048688537E-02  0.461866508407E-05
 -0.943174284750E-05  0.462426414600E-05  0.163592254243E-02
 -0.401909349706      0.239535983601E-02
  
 -0.285494383332E-09  0.374071927983E-08  0.253314573868E-08
 -0.152055979869E-08 -0.123048757642E-08 -0.104235126337E-03
 -0.859122150536E-10  0.152626196528E-03 -0.308576820260E-05
  0.166042486094E-11  0.451690288690E-05  0.503663384249E-05
 -0.190922166798E-10 -0.737276716411E-05 -0.225612857458E-06
  0.302038391382E-11  0.329824120384E-06  0.420311165059    
  0.806053320673E-05 -0.420319226594     -0.507566048669E-02
 -0.115041559695E-07  0.346657619015E-02 -0.125217584649    
 -0.239947719176E-05  0.125219989645      0.151216626743E-02
  0.342514961239E-08 -0.103278025568E-02  0.200988123417    
  0.385571120390E-05 -0.200991975764     -0.242699466587E-02
 -0.550041447662E-08  0.165758972417E-02
  
  0.157732553600E-06 -0.118787258906E-05  0.727126232991E-05
 -0.544418149146E-05 -0.222217136303E-05 -0.191802672941E-01
 -0.594277417684E-04  0.151457130432E-01 -0.493080430317E-03
 -0.975437293993E-06  0.389623218449E-03  0.833688694936E-03
  0.165775681679E-05 -0.658722732738E-03 -0.138528319231E-04
  0.684630993676E-07  0.110459832639E-04 -0.312403043696E-02
  0.404028505190E-03  0.271654765326E-02 -0.518653081434    
  0.180361852078E-02  0.656859648536      0.103690992667E-02
 -0.130975743869E-03 -0.896654311353E-03  0.171704760607    
 -0.597385483004E-03 -0.217459277258     -0.151182041185E-02
  0.198485324961E-03  0.131971410969E-02 -0.251431039122    
  0.874431213789E-03  0.318430377511    
  
  0.227438622837E-05 -0.170962041614E-04  0.104827453754E-03
 -0.784876582787E-04 -0.320355928380E-04  0.151389819080E-01
  0.189925646860E-03  0.191740344788E-01  0.388072255113E-03
  0.312767516334E-05  0.491838148175E-03 -0.656328094742E-03
 -0.531275267489E-05 -0.831768095784E-03  0.104747577470E-04
 -0.214920964440E-06  0.134022995550E-04 -0.385474151204E-02
  0.583238251169E-02 -0.202743866382E-02 -0.656806751927    
 -0.576453467576E-02 -0.518622600366      0.131474540881E-02
 -0.189076858411E-02  0.709803560421E-03  0.217441830874    
  0.190929945610E-02  0.171694708397     -0.182956144123E-02
  0.286520133191E-02 -0.943678087047E-03 -0.318404727814    
 -0.279476426772E-02 -0.251416235170    
  
  0.817947139550E-02 -0.602204731358E-01  0.351744503847    
 -0.264641504052     -0.106103098725      0.161890604413E-03
 -0.579465609185E-05  0.237092082341E-03  0.390930261739E-05
 -0.318508315793E-06  0.572687029314E-05 -0.670389818382E-05
  0.120408792277E-05 -0.982384044312E-05  0.254553763076E-07
 -0.197299339095E-06  0.384871341748E-07  0.178314226972    
 -0.524393618197      0.178326902716     -0.811678012578E-02
 -0.333207561334E-04 -0.554353485124E-02  0.674188310728E-01
  0.310025665497      0.674144499750E-01  0.280414263941E-02
  0.115106493256E-04  0.191515084497E-02  0.217744158824    
 -0.129131535074      0.217750421493     -0.400862816635E-02
 -0.164722465044E-04 -0.273778094496E-02
  
 -0.505995982856E-01  0.257291021163      -2.07214401343    
   1.59355291478      0.589713272616      0.497634314423E-04
 -0.634644715670E-05  0.728957651722E-04  0.987082339767E-06
 -0.339170222938E-05  0.145869693471E-05 -0.194655759047E-05
  0.522785256187E-05 -0.287100637048E-05 -0.411201774759E-07
 -0.956901784545E-06 -0.564829524833E-07  0.392251075632    
  0.215452981721      0.392254438114     -0.210106436909E-02
 -0.869264378786E-05 -0.143496005938E-02 -0.872912620850    
 -0.820968488148     -0.872913607147      0.616089887748E-03
  0.256623810767E-05  0.420769895348E-03 -0.568009775712    
 -0.630651641404     -0.568008586601     -0.742342293764E-03
 -0.308603851122E-05 -0.506996565961E-03
  
 -0.140792586268E-05  0.525872446688E-05  0.421490817853E-05
 -0.380059239536E-05 -0.669445089252E-06  0.798998116198    
 -0.823387480850E-02  0.847606466615      0.423445783585    
 -0.436722095778E-02  0.449206780433     -0.547225253232    
  0.564402719535E-02 -0.580516571404      0.784120081321E-01
 -0.808803700779E-03  0.831823269614E-01 -0.472811705576E-06
 -0.211916738492E-05  0.421559754177E-06  0.114567688964E-02
 -0.820498388207E-05  0.107936984452E-02  0.140856698883E-05
  0.159581000915E-05  0.129279150978E-05 -0.210517223557E-03
  0.754578864771E-06 -0.198328446635E-03  0.918312682788E-06
  0.736402952163E-06  0.102340609970E-05  0.199695783769E-03
 -0.122285083548E-05  0.188180446834E-03
  
 -0.222691364309E-06  0.831175149873E-06  0.655959283301E-06
 -0.592057251074E-06 -0.103858028073E-06 -0.847618214287    
  0.180412754790E-02  0.799026803949     -0.449212834204    
  0.956904115191E-03  0.423460794198      0.580524404668    
 -0.123666587965E-02 -0.547244662303     -0.831834458224E-01
  0.177217450535E-03  0.784147853099E-01 -0.199756446715E-05
 -0.351060701889E-06  0.201023482585E-05  0.109017815196E-02
  0.178224862727E-05 -0.115583460822E-02  0.466081185543E-06
  0.251860301630E-06 -0.496912859184E-07 -0.200380944740E-03
 -0.162471020976E-06  0.212443487157E-03 -0.846497909252E-07
  0.112181498717E-06  0.388367529367E-06  0.189300129351E-03
  0.266492152850E-06 -0.200745093294E-03
  
  0.734450133497E-06  0.709773922067E-06  0.225395202553E-04
 -0.195807544983E-04 -0.427492056856E-05 -0.699406566628E-02
  -1.16849489613     -0.477671379535E-02 -0.384420243981E-02
 -0.642706793828     -0.262546319021E-02  0.478472879158E-02
  0.799980469906      0.326781164213E-02 -0.672094820534E-03
 -0.112380215107     -0.459018593364E-03 -0.711154499000E-05
  0.361272246608E-05 -0.711177433506E-05 -0.773415243024E-05
 -0.146020171501E-02 -0.114211397397E-04  0.871521876061E-05
  0.660581987761E-05  0.871528389449E-05  0.122624976961E-05
  0.131319323467E-03  0.181383635232E-05  0.512718998028E-05
  0.613144004148E-05  0.512716512753E-05 -0.112202424228E-05
 -0.185246758283E-03 -0.165147376339E-05
  
  0.205289845363       1.34221494375       5.89383344266    
  -5.66923222032     -0.519174035300      0.105458029197E-04
 -0.674425095363E-06  0.154447848164E-04 -0.513736530581E-06
  0.485515606267E-05 -0.771877693202E-06  0.284022647072E-07
 -0.214473682150E-05  0.501537301574E-07 -0.915860011232E-07
  0.287882720568E-06 -0.135241404757E-06 -0.820855319255    
 -0.915379733796     -0.820853512885     -0.113032948532E-02
 -0.461877042375E-05 -0.771977384730E-03   2.00342249160    
   2.07323707736       2.00342115576      0.832207321372E-03
  0.341996705219E-05  0.568370219594E-03   1.03854110836    
   1.02846564788       1.03854130113     -0.120082448196E-03
 -0.496425884076E-06 -0.820123196838E-04
  
 -0.648277792308E-08 -0.231970227577E-06  0.444716222462E-07
 -0.426412967705E-07 -0.390883454631E-08  0.132893888841E-03
 -0.218581344353E-01  0.907413094190E-04 -0.405921349180E-05
  0.742373760098E-03 -0.276967430637E-05 -0.266496757567E-05
  0.298436276891E-03 -0.181998984213E-05 -0.881128964450E-06
  0.135052732367E-03 -0.601597143095E-06  0.524523308306E-05
 -0.105171725949E-04  0.525211621514E-05  0.181135667431E-02
 -0.443590185445      0.265224189627E-02 -0.324237309659E-04
  0.649455631725E-04 -0.324657131953E-04 -0.110514723971E-01
   2.70568790413     -0.161818950665E-01  0.449685006852E-05
 -0.897312142199E-05  0.450266314022E-05  0.153012959306E-02
 -0.374618329323      0.224046134679E-02
  
  0.933464455357E-09  0.138743656961E-08  0.493328620347E-08
 -0.499223078861E-08 -0.525608444474E-09  0.890647839594E-04
 -0.370928964123E-11 -0.130410318840E-03 -0.396334299563E-05
  0.714637985674E-10  0.579981908349E-05 -0.137272356476E-05
 -0.139251687631E-10  0.201047757051E-05 -0.600759842296E-06
  0.194714905258E-11  0.879546920536E-06  0.221846615288    
  0.424652965865E-05 -0.221850867414     -0.266998072928E-02
 -0.677287009324E-08  0.182354095578E-02  -1.35290922240    
 -0.259108247876E-04   1.35293513446      0.162754615485E-01
  0.413065255712E-07 -0.111157992301E-01  0.187272101120    
  0.358761450966E-05 -0.187275685963     -0.225324094016E-02
 -0.571757478108E-08  0.153891633342E-02
  
 -0.181522098658E-07 -0.242860989216E-08 -0.255462589326E-05
  0.245457796804E-05  0.184029914963E-06  0.161388407770E-01
  0.437096499766E-04 -0.134259560405E-01 -0.614324241062E-03
 -0.175724335330E-05  0.511690919048E-03 -0.255681137514E-03
 -0.431347136023E-06  0.212637339904E-03 -0.105614711349E-03
 -0.264625638045E-06  0.878782181576E-04 -0.195609970740E-02
  0.343648288173E-03  0.161314710056E-02 -0.325952492855    
  0.101247810790E-02  0.391861295839      0.104397515024E-01
 -0.183412785166E-02 -0.860899493217E-02   1.73891743464    
 -0.540011212966E-02  -2.09053311828     -0.142695632064E-02
  0.250028348452E-03  0.117567328396E-02 -0.237626130051    
  0.737940676319E-03  0.285675029985    
  
 -0.191334754683E-06 -0.415338441749E-07 -0.268808574741E-04
  0.258282190719E-04  0.193657532420E-05 -0.134148944734E-01
 -0.153325961440E-03 -0.161288534893E-01  0.507159338012E-03
  0.619309069850E-05  0.610523533710E-03  0.212891178279E-03
  0.151007965204E-05  0.255883164752E-03  0.876963453811E-04
  0.929094041418E-06  0.105458544437E-03 -0.231529906825E-02
  0.362028433893E-02 -0.129766535391E-02 -0.391827295905    
 -0.355092770848E-02 -0.325933799436      0.123588952309E-01
 -0.193222417174E-01  0.692787556370E-02   2.09035173315    
  0.189390809886E-01   1.73881791738     -0.169462930595E-02
  0.263401562957E-02 -0.952589337476E-03 -0.285650222866    
 -0.258807921834E-02 -0.237612509673    
  
  0.363432293657E-02  0.247844549914E-02  0.186923963940    
 -0.180296978190     -0.137255168458E-01  0.147518713123E-03
 -0.111311488768E-04  0.216074046357E-03 -0.519537483318E-05
  0.552693144064E-05 -0.763584296831E-05 -0.237366672774E-05
 -0.445650800190E-06 -0.347357520779E-05 -0.952277734554E-06
  0.190732190892E-06 -0.139542558956E-05 -0.173920931507    
  0.287059582638     -0.173929534172      0.543359117141E-02
  0.222530772798E-04  0.371097070266E-02  0.864797579164    
  -1.49322593677      0.864841577484     -0.277805859529E-01
 -0.113799504129E-03 -0.189732630574E-01 -0.761499000028E-01
  0.244554725791     -0.761558838837E-01  0.377887466021E-02
  0.154776895199E-04  0.258085201127E-02
  
  0.572684219783E-06 -0.108739189661E-05  0.499269478792E-05
 -0.502932805067E-05 -0.237381379936E-06   2.98391421453    
 -0.424628861524E-02  -3.32978819172      -2.26529835662    
  0.322406788006E-02   2.52787552616      0.241052422586    
 -0.343088958227E-03 -0.268993493636     -0.562675274964E-01
  0.800798377987E-04  0.627896565031E-01  0.946702320435E-06
 -0.362664010826E-06 -0.273383247283E-05 -0.206869659284E-03
  0.378930319074E-07  0.186235205957E-03  0.303458700003E-05
  0.295760338892E-05  0.285823999898E-05 -0.508508943681E-03
 -0.597901562402E-06  0.455842696134E-03  0.668465236541E-06
  0.702465463606E-06  0.752365309633E-06  0.736009389320E-04
  0.858980668799E-07 -0.659852692162E-04
  
  0.233392302911E-05 -0.442906705326E-05  0.204413748905E-04
 -0.205927233553E-04 -0.971897166831E-06  -3.32968339003    
  0.321117005382E-01  -2.98386126209       2.52779600017    
 -0.243813614893E-01   2.26525818717     -0.268985031225    
  0.259454077805E-02 -0.241048147747      0.627876808741E-01
 -0.605587569617E-03  0.562665294785E-01 -0.337763463534E-05
 -0.155794432878E-05 -0.387820497255E-05 -0.177539284545E-03
 -0.181611623084E-06 -0.199067864213E-03  0.120812695744E-04
  0.121010877952E-04  0.120561212286E-04 -0.454263645285E-03
  0.453222746234E-05 -0.507083577691E-03  0.290181872761E-05
  0.287793828584E-05  0.291330733446E-05  0.656837171165E-04
 -0.652146933130E-06  0.733291654249E-04
  
 -0.134378546477E-05  0.478354515735E-05 -0.757987867932E-04
  0.757353673375E-04  0.361030495284E-05 -0.268298190535E-01
  -4.48357135855     -0.183238771274E-01  0.202802552058E-01
   3.38948385325      0.138507423601E-01 -0.212425212862E-02
 -0.355046170691     -0.145079383801E-02  0.500718220600E-03
  0.836834824047E-01  0.341973955694E-03  0.102223566664E-04
  0.160941547779E-04  0.102222860486E-04 -0.271888096584E-05
 -0.363683850650E-03 -0.403439736048E-05 -0.449561400927E-04
 -0.426892057596E-04 -0.449562189145E-04 -0.282089582078E-05
 -0.618233721998E-03 -0.415075163047E-05 -0.104865570758E-04
 -0.107995933955E-04 -0.104865482777E-04  0.413767213852E-06
  0.905796843008E-04  0.608641315695E-06
  
  0.209702918032     -0.264998004161       8.01149732657    
  -8.12529265256     -0.366073134688     -0.263862147889E-05
 -0.411964042445E-04 -0.370010523748E-05 -0.466235703831E-05
  0.302857231320E-04 -0.694727128547E-05  0.669061072222E-06
 -0.291081309638E-05  0.991189352787E-06 -0.685820873078E-07
  0.729082655328E-06 -0.103312314995E-06  -1.90289788758    
  -1.76399699293      -1.90290054183      0.166364792617E-02
  0.680705242791E-05  0.113621633547E-02   4.88762029956    
   4.87522984276       4.88762053640     -0.148965595698E-03
 -0.606223911456E-06 -0.101738898009E-03   1.10679187566    
   1.10693630306       1.10679187289      0.178035030516E-05
  0.759930538296E-08  0.121595853100E-05
  
  0.316843004788E-08  0.709325968753E-07  0.675901510709E-12
  0.565271934066E-09 -0.112138894020E-09 -0.457227103197E-04
  0.709695664865E-02 -0.312199271565E-04 -0.587350026533E-06
 -0.277740810445E-04 -0.401481355142E-06  0.138112011034E-05
 -0.162368187992E-03  0.942973286365E-06  0.202447485900E-06
 -0.291364163191E-04  0.138240308267E-06  0.168223991301E-03
 -0.336623531881E-03  0.168426340827E-03  0.563179555617E-01
  -13.7802419560      0.824623711250E-01 -0.366616071909E-04
  0.733630630250E-04 -0.367057200039E-04 -0.122773359229E-01
   3.00408302014     -0.179768285295E-01  0.283745345748E-05
 -0.567787156571E-05  0.284086632503E-05  0.949866833742E-03
 -0.232416692747      0.139082236375E-02
  
  0.160336397301E-09  0.142028381637E-08 -0.370232129539E-08
  0.395743881939E-08  0.163154388819E-09  0.297793916071E-04
  0.324581715109E-10 -0.436032120314E-04 -0.471357047238E-06
 -0.581480983637E-11  0.689554504384E-06 -0.823862410000E-06
  0.297384375669E-11  0.120616489109E-05 -0.127467581550E-06
 -0.473168223449E-12  0.186649784217E-06  -6.89011055542    
 -0.131700058875E-03   6.89024225882      0.825296555953E-01
  0.199090847907E-06 -0.563660654933E-01   1.50196408386    
  0.287067292220E-04  -1.50199279842     -0.179913326715E-01
 -0.433989241974E-07  0.122877119504E-01 -0.116208604415    
 -0.222183578386E-05  0.116210824572      0.139194144397E-02
  0.335789372737E-08 -0.950667509965E-03
  
  0.151990628642E-07  0.194679916063E-06 -0.305034079093E-06
  0.318977710033E-06  0.124799083888E-07  0.524298222280E-02
  0.124779582234E-04 -0.459566567357E-02 -0.534119158646E-05
 -0.232981149770E-06  0.489885289373E-05 -0.141958326990E-03
 -0.243901922066E-06  0.124449290556E-03 -0.223889216545E-04
 -0.493988829333E-07  0.196244692994E-04  0.543682151727E-01
 -0.119641458441E-01 -0.424041071813E-01   9.08124934007    
 -0.248919993928E-01  -10.3619031647     -0.117960347549E-01
  0.259552980394E-02  0.919980538298E-02  -1.97037009718    
  0.540082221730E-02   2.24823516415      0.910067571767E-03
 -0.200322185477E-03 -0.709878578843E-03  0.152017527286    
 -0.416679943614E-03 -0.173455307477    
  
  0.124899354593E-06  0.160172746513E-05 -0.252347334017E-05
  0.263898288281E-05  0.103275927451E-06 -0.458958576861E-02
 -0.484985709212E-04 -0.523739121282E-02  0.300856741600E-05
  0.919025415778E-06  0.368115184577E-05  0.124137728617E-03
  0.949477484736E-06  0.141679485434E-03  0.196008246303E-04
  0.191979753865E-06  0.223671339326E-04  0.618862521278E-01
 -0.988617413565E-01  0.369751953486E-01   10.3609451742    
  0.966911879267E-01   9.08075257112     -0.134289081930E-01
  0.214472979189E-01 -0.802417528346E-02  -2.24802727115    
 -0.209791068426E-01  -1.97026227201      0.103559991451E-02
 -0.165529621596E-02  0.618594627840E-03  0.173439270220    
  0.161856340246E-02  0.152009210729    
  
 -0.210790949723E-02 -0.407767392784E-01  0.449048322394E-01
 -0.453635250186E-01 -0.166236210744E-02  0.494019657206E-04
 -0.552330160109E-05  0.723691679270E-04  0.196868833091E-06
  0.169013235289E-05  0.280054195893E-06 -0.132189566086E-05
  0.367615978239E-06 -0.193759676676E-05 -0.211401018781E-06
  0.175423428166E-07 -0.309645112856E-06   3.99742466340    
  -7.93187095650       3.99765168570     -0.142404846688    
 -0.581222957023E-03 -0.972577963245E-01 -0.824217408446    
   1.75988687457     -0.824266585270      0.308488021853E-01
  0.125902167208E-03  0.210687105270E-01  0.725993353640E-01
 -0.126593788980      0.726031261093E-01 -0.237782880809E-02
 -0.970510367511E-05 -0.162397836676E-02
  
   1.60740830142       7.57755358087       4.19240136158    
  -6.01353219658     -0.239686980842      0.313987089508E-05
  0.228279684280E-05  0.458829078068E-05  0.321288021532E-06
 -0.164944779713E-05  0.477268344145E-06 -0.106029802137E-06
  0.150702918210E-06 -0.155874275936E-06 -0.103431863290E-07
 -0.400802738372E-07 -0.149810228604E-07  -10.8090711931    
  -10.8501369107      -10.8090704084     -0.490983879920E-03
 -0.202012569466E-05 -0.335324578837E-03   3.42404522977    
   3.43025272844       3.42404511118      0.742337226576E-04
  0.303925289610E-06  0.506989634331E-04  0.663880549337    
  0.663518534220      0.663880556253     -0.431892118274E-05
 -0.177601129698E-07 -0.294966850350E-05
  
  -13.5820699911      -40.1901943510       15.9488179884    
   10.4774404482      0.402964292889      0.508228281503E-06
 -0.208402116957E-07  0.744474716329E-06  0.167175652946E-07
  0.219110739664E-08  0.243743112158E-07 -0.132568877693E-07
  0.319492368309E-08 -0.194246479622E-07 -0.226708521523E-08
 -0.147443605639E-09 -0.332118360486E-08  -4.29685571980    
  -4.29919332276      -4.29685567513     -0.279692898449E-04
 -0.115415034220E-06 -0.191020448107E-04  -7.26345647835    
  -7.26289761098      -7.26345648903      0.669682578861E-05
  0.274731350744E-07  0.457369350878E-05 -0.748194995634    
 -0.748243693304     -0.748194994704     -0.582558753282E-06
 -0.240610630082E-08 -0.397867018138E-06
    35    35
   1.00000000000       1.00000000000       1.00000000000    
   0.00000000000       0.00000000000       0.00000000000    
   0.00000000000       0.00000000000       0.00000000000    
   0.00000000000       0.00000000000       0.00000000000    
   0.00000000000       0.00000000000       0.00000000000    
   0.00000000000       0.00000000000       0.00000000000    
   0.00000000000       0.00000000000       0.00000000000    
   0.00000000000       0.00000000000       0.00000000000    
   0.00000000000       0.00000000000       0.00000000000    
   0.00000000000       0.00000000000       0.00000000000    
   0.00000000000       0.00000000000       0.00000000000    
   0.00000000000       0.00000000000    
  
   1.01208556134      0.733950202329E-02 -0.259231407376E-01
 -0.364476261441E-02 -0.679685345057E-04  0.536567752859E-07
 -0.313145892537E-04  0.224546627828E-06 -0.709615912133E-07
  0.574300888621E-05 -0.130425315567E-06  0.322274576912E-08
  0.853838376053E-06  0.668314584795E-09 -0.124425596103E-08
  0.199272154161E-06 -0.274347073001E-08  0.494738671354E-01
  0.511134015577E-01  0.494738337672E-01  0.198089429262E-04
  0.111383200647E-06  0.135289669272E-04  0.864229030214E-02
  0.853463058684E-02  0.864229268624E-02 -0.131071273427E-05
 -0.420063915975E-08 -0.895310668780E-06  0.228669477872E-03
  0.245119035688E-03  0.228669161371E-03  0.198208141048E-06
  0.103723980232E-08  0.135375175747E-06
  
  0.622580420285E-02   1.03228706032      0.165756554748E-01
 -0.786689291725E-02 -0.296385682965E-02  0.160829005998E-05
  0.149341685725E-03  0.169285197539E-05 -0.519455182286E-06
 -0.315156941613E-05 -0.730584264021E-06 -0.215685590339E-06
 -0.445840893826E-05 -0.301610324966E-06 -0.342512544375E-08
 -0.665244076211E-06 -0.167074899528E-08 -0.180720240494E-01
  0.182564352830E-01 -0.180728044031E-01  0.441809710663E-03
  0.192608946980E-05  0.301737611301E-03 -0.774410018861E-02
  0.231731304770E-03 -0.774424371254E-02  0.952971508547E-04
  0.307876819497E-06  0.650734615351E-04 -0.247761300538E-02
 -0.132353010636E-02 -0.247763317509E-02  0.138290514571E-04
  0.531992443919E-07  0.944419104241E-05
  
  0.681183556064E-06 -0.664634991695E-04  0.186203071624E-04
  0.476970526841E-05 -0.340249852175E-06  0.110953279261E-01
   1.85636876015      0.757813160533E-02  0.110794052179E-03
  0.187499579744E-01  0.756507127929E-04 -0.133439755246E-03
 -0.223723143450E-01 -0.911387561389E-04 -0.508799022311E-04
 -0.850928986386E-02 -0.347517608095E-04 -0.394067725162E-04
 -0.119130404413E-04 -0.393989416545E-04 -0.559867516039E-05
 -0.180641786854E-02 -0.860244868167E-05 -0.180623557927E-04
 -0.939820010317E-05 -0.180656193654E-04 -0.242078365300E-05
 -0.420002011394E-03 -0.361508987020E-05 -0.232223049203E-05
 -0.206666046336E-06 -0.232235515933E-05 -0.166618419908E-06
 -0.245867057848E-04 -0.263402344248E-06
  
  0.293729816846E-07  0.650877416302E-06  0.313136405152E-07
 -0.468948059777E-07 -0.160886522720E-07  -1.26282412390    
  0.229870305729E-02   1.28574281746     -0.951736847746E-02
  0.173605540990E-04  0.969009654563E-02  0.721676960716E-02
 -0.131133353858E-04 -0.734774482875E-02  0.437105216544E-02
 -0.795502372746E-05 -0.445038131936E-02 -0.181523507956E-05
 -0.326006539600E-06  0.182541602179E-05 -0.130035524296E-02
 -0.294199994654E-05  0.127711405601E-02  0.207211329337E-06
 -0.718842152813E-07 -0.507779834460E-06 -0.325071855060E-03
 -0.383698905487E-06  0.319251850242E-03 -0.820078444787E-08
 -0.132043239322E-07 -0.284868476390E-07 -0.230096828898E-04
 -0.563525524295E-08  0.225919060237E-04
  
 -0.148011881920E-06 -0.334791810562E-05 -0.157818135603E-06
  0.234717474197E-06  0.811522251909E-07  -1.28569973158    
  0.128373696180E-01  -1.26280475953     -0.968976720816E-02
  0.969489704072E-04 -0.951721724853E-02  0.734749089036E-02
 -0.732365544288E-04  0.721665096897E-02  0.445023127301E-02
 -0.444263757443E-04  0.437098418874E-02  0.325443607622E-06
  0.160479209965E-05 -0.333743645102E-06  0.128099933356E-02
 -0.163836127462E-04  0.130416103229E-02  0.705618868104E-06
  0.351794766649E-06  0.831206064733E-06  0.320581848067E-03
 -0.212793333428E-05  0.326368269026E-03  0.935304997228E-07
  0.633202078368E-07  0.964734862402E-07  0.230050259765E-04
 -0.275611740189E-07  0.234143958235E-04
  
  0.284526850047E-01  0.410297166747      0.573184467612    
 -0.269711960073     -0.338117346459     -0.404410232328E-05
 -0.384771168233E-04 -0.574809959096E-05 -0.299974515020E-06
 -0.326261331181E-06 -0.438073904647E-06 -0.962140401058E-08
  0.265734661679E-06 -0.152747925595E-07  0.390886595988E-06
  0.745597153874E-06  0.569531197227E-06 -0.898427497074E-01
 -0.886755150104E-01 -0.898427730586E-01  0.140533310859E-04
  0.443785724317E-07  0.959794599464E-05  0.193198952238    
  0.194214256454      0.193198933209      0.122831396645E-04
  0.769274002043E-07  0.838861881419E-05  0.130865961814    
  0.130004832470      0.130865977952     -0.103262102018E-04
 -0.512893140436E-07 -0.705226394869E-05
  
 -0.128058615906E-05  0.115795259132E-05 -0.375859598135E-05
  0.216495970788E-05  0.186745585904E-05 -0.418171207496E-02
 -0.695001777967     -0.285593289650E-02  0.359849969752E-03
  0.598235387090E-01  0.245763286138E-03 -0.425090396181E-03
 -0.706660876130E-01 -0.290319627536E-03  0.740229904491E-03
  0.123076659523      0.505547411754E-03  0.443550361777E-06
  0.103384352866E-05  0.443449297991E-06  0.200966430659E-05
  0.944016402409E-03  0.293849566719E-05 -0.120362681217E-05
 -0.135016409931E-05 -0.120355837215E-05  0.119572595463E-06
 -0.161638745314E-03  0.177144494501E-06 -0.845010907410E-06
 -0.974515840042E-06 -0.845043059714E-06 -0.292569846595E-06
  0.888806629820E-04 -0.427525337710E-06
  
 -0.254073048067E-06 -0.271611385399E-05 -0.452018819401E-05
  0.254496920266E-05  0.231034181509E-05 -0.501240506631    
  0.529290772200E-02 -0.555417249061      0.398386252930E-01
 -0.420856053586E-03  0.441445967242E-01 -0.492455838871E-01
  0.520216458196E-03 -0.545683085209E-01  0.829196988671E-01
 -0.876066285877E-03  0.918821026746E-01  0.883349294759E-06
  0.164651175512E-05  0.512520455596E-06  0.748998379037E-03
 -0.108750717161E-04  0.675706263602E-03 -0.124544197446E-05
 -0.150920447988E-05 -0.119436064386E-05 -0.106758515089E-03
  0.272375422605E-05 -0.960967724899E-04 -0.116812006466E-05
 -0.931206180386E-06 -0.123515882855E-05  0.684148717232E-04
 -0.201432840233E-05  0.615541179800E-04
  
  0.346935275521E-07  0.367201413133E-06  0.617686620089E-06
 -0.348168976212E-06 -0.315366737246E-06 -0.555424248632    
  0.128078474867E-02  0.501259025923      0.441451556455E-01
 -0.101840881730E-03 -0.398401008623E-01 -0.545689918386E-01
  0.125884529488E-03  0.492473989925E-01  0.918832632801E-01
 -0.211994791706E-03 -0.829227673034E-01 -0.870976586366E-06
 -0.220520056258E-06  0.676777892706E-06 -0.678301846735E-03
 -0.262846923749E-05  0.751340253713E-03  0.283706004878E-06
  0.201861927585E-06  0.549171282726E-07  0.987993270833E-04
  0.654927458853E-06 -0.109200612425E-03  0.172486484215E-07
  0.130817122407E-06  0.307645915854E-06 -0.635952876382E-04
 -0.484268937620E-06  0.702598738830E-04
  
  0.148253703333E-06 -0.832502896767E-06  0.542939296211E-05
 -0.409844057922E-05 -0.165726715719E-05 -0.103105685105E-02
 -0.136152734519E-04 -0.102144849884E-02  0.473741718685E-04
 -0.232063076352E-05  0.468954305553E-04  0.144674984343E-03
  0.490848397889E-05  0.143358801553E-03  0.201839699573E-05
 -0.765426516121E-06  0.199010673662E-05 -0.348956445983E-02
  0.589495142533E-02 -0.240826574953E-02 -0.581557180575    
 -0.588910281790E-02 -0.587059231987      0.132743830965E-02
 -0.223733755854E-02  0.916698274958E-03  0.220905439483    
  0.223707378070E-02  0.222995403208     -0.173332426291E-02
  0.293376495217E-02 -0.119560254249E-02 -0.289215065489    
 -0.292860410389E-02 -0.291951298786    
  
 -0.286094596539E-07  0.155267787054E-06 -0.104474365436E-05
  0.788556655240E-06  0.318975634390E-06 -0.101502187936E-02
 -0.251207288332E-05  0.102461898705E-02  0.511742427346E-04
 -0.434324000416E-06 -0.516208803838E-04  0.138432325449E-03
  0.910722879206E-06 -0.139773194754E-03  0.315020501674E-05
 -0.142788868595E-06 -0.317051369613E-05  0.351581585127E-02
 -0.113913363177E-02 -0.237612818671E-02  0.587085214904    
 -0.108090594725E-02 -0.581617257898     -0.133587704248E-02
  0.432342069457E-03  0.902226656689E-03 -0.223005246417    
  0.410599857641E-03  0.220928234871      0.174800201529E-02
 -0.566915743172E-03 -0.118201740780E-02  0.291964212154    
 -0.537525960359E-03 -0.289244934347    
  
 -0.135817484784E-02  0.117954095423E-01 -0.486510290558E-01
  0.375695675614E-01  0.140537832845E-01 -0.924362374389E-05
  0.202553819043E-04 -0.136289239570E-04  0.972575870817E-06
 -0.245625100442E-06  0.142719704169E-05  0.782215273672E-06
  0.487348763679E-06  0.114136940210E-05  0.154827728780E-06
 -0.255105044373E-06  0.228335368555E-06  0.246726741359    
 -0.468800066622      0.246741058004     -0.858781758064E-02
 -0.312988612448E-04 -0.586524924727E-02 -0.110732312060    
  0.164262201530     -0.110737811954      0.330046270258E-02
  0.120108440821E-04  0.225412755331E-02  0.104852228706    
 -0.251387404552      0.104859355972     -0.427555395897E-02
 -0.155695136155E-04 -0.292008877601E-02
  
  0.106013313036E-08 -0.141325795313E-07  0.411110895899E-07
 -0.319289744872E-07 -0.116420232546E-07 -0.720508907921E-05
  0.343929677148E-08  0.105514938389E-04 -0.357042118342E-06
  0.452834715177E-10  0.524975207335E-06  0.169334465351E-05
 -0.348339915057E-09 -0.248157675083E-05 -0.150379686522E-06
  0.131772162451E-10  0.220711501018E-06 -0.412887239024    
 -0.757105883651E-05  0.412894789891      0.494255339029E-02
  0.825280014690E-06 -0.337560080788E-02  0.156948183814    
  0.289005015447E-05 -0.156951026026     -0.187874917142E-02
 -0.313718607264E-06  0.128312330876E-02 -0.205492559688    
 -0.375330404679E-05  0.205496347727      0.245998819762E-02
  0.410740400575E-06 -0.168009072629E-02
  
 -0.173732981443E-07  0.595985672757E-07 -0.561586788379E-06
  0.436415432340E-06  0.157180333974E-06  0.528286631676E-05
 -0.138075134895E-02  0.360811411873E-05 -0.319785248337E-05
  0.658670276833E-04 -0.218241863615E-05  0.211186816722E-05
  0.213136221392E-03  0.144095184654E-05 -0.777710081311E-06
  0.198197683601E-06 -0.530774289160E-06  0.109011520237E-04
 -0.223538617146E-04  0.117268082276E-04  0.337383502702E-02
 -0.825783739979      0.494021059113E-02 -0.432754334967E-05
  0.831034574486E-05 -0.464139619166E-05 -0.128245099972E-02
  0.313906680126     -0.187785686641E-02  0.522422940965E-05
 -0.113272730456E-04  0.563515545023E-05  0.167921229233E-02
 -0.410989875436      0.245882273237E-02
  
  0.565500525662E-01 -0.251417369014       2.17426213587    
  -1.69783364223     -0.597653279229      0.200607254863E-05
  0.321181570479E-04  0.278982960339E-05  0.141911683326E-05
  0.232241379851E-05  0.206886166232E-05 -0.117803950022E-05
 -0.271672234064E-05 -0.171413531206E-05  0.192556127138E-06
  0.215162862246E-06  0.281326960937E-06 -0.343586785588    
 -0.364219965762     -0.343586397885     -0.245693899540E-03
 -0.110373587782E-05 -0.167798382672E-03  0.882827051412    
  0.888584768130      0.882826944103      0.682086335707E-04
  0.303796358045E-06  0.465835657920E-04  0.614300822416    
  0.606504063422      0.614300967986     -0.925714769298E-04
 -0.430900912765E-06 -0.632225236026E-04
  
 -0.146583910410E-05  0.506120293556E-05  0.120785071268E-04
 -0.104086256304E-04 -0.217621148318E-05 -0.701080784790E-02
  -1.16982191709     -0.478807106949E-02 -0.402215907355E-02
 -0.671177097465     -0.274695917753E-02  0.480779582685E-02
  0.802265564618      0.328351537045E-02 -0.663850504021E-03
 -0.110776141841     -0.453381092966E-03 -0.248074191854E-05
  0.563684854091E-07 -0.248058202999E-05  0.957229070725E-05
  0.185428963250E-02  0.139970652619E-04  0.487112697665E-05
  0.402694996911E-05  0.487104270463E-05 -0.354961685464E-05
 -0.459227002122E-03 -0.518952007537E-05  0.262196836956E-05
  0.297034910343E-05  0.262202873986E-05  0.169005112846E-05
  0.156515355486E-03  0.247162534925E-05
  
 -0.239324185212E-07  0.136393068887E-06 -0.216707272005E-05
  0.186859152084E-05  0.359130194249E-06 -0.817818792697    
  0.131640417528E-02  0.875780612334     -0.462894798951    
  0.745223723700E-03  0.495701855241      0.548040049062    
 -0.882289530064E-03 -0.586881660844     -0.752423143411E-01
  0.121134609160E-03  0.805750135798E-01  0.328572502628E-06
  0.240346023731E-06 -0.162587397784E-06 -0.137180622388E-02
 -0.140893967148E-05  0.128028329154E-02 -0.165536701836E-05
 -0.106401118758E-05 -0.527964359975E-07  0.318926556192E-03
 -0.159982471959E-07 -0.297558223821E-03 -0.545768037881E-07
 -0.393813783566E-06 -0.985290022372E-06 -0.107893173225E-03
  0.155644024218E-06  0.100582156319E-03
  
  0.106497461371E-06 -0.625716318518E-06  0.965104112540E-05
 -0.832232869969E-05 -0.159925291854E-05 -0.875752167618    
  0.859406782485E-02 -0.817805147036     -0.495685772432    
  0.486510881777E-02 -0.462887096671      0.586862596849    
 -0.575992530192E-02  0.548030905960     -0.805723951843E-01
  0.790812598925E-03 -0.752410580499E-01 -0.347237487886E-06
 -0.116328143130E-05 -0.291091656029E-06  0.129161490074E-02
 -0.906723890092E-05  0.138235121736E-02  0.390663713493E-05
  0.477299244936E-05  0.366795550376E-05 -0.301546899086E-03
 -0.150156554973E-06 -0.322634828030E-03  0.225698624835E-05
  0.173254298670E-05  0.239534587529E-05  0.103190088964E-03
  0.104394106118E-05  0.110319778512E-03
  
  0.203302922244       1.34039821986       5.97952178850    
  -5.75714688811     -0.514251095642     -0.430720184050E-06
 -0.198742568963E-04 -0.538361837737E-06  0.274959170772E-07
  0.185268690455E-05  0.320612121019E-07 -0.186350588365E-06
 -0.632357125707E-06 -0.270186864643E-06  0.436005110017E-07
  0.237721116375E-06  0.628011460289E-07 -0.862462101656    
 -0.852872887365     -0.862462283825      0.114771558139E-03
  0.440130222639E-06  0.783829567132E-04   2.08189927579    
   2.08336657191       2.08189924389      0.187162567059E-04
  0.585304861336E-07  0.127850929046E-04   1.03967617898    
   1.03920232723       1.03967618856     -0.587802359093E-05
 -0.226685921309E-07 -0.401480329621E-05
  
  0.289330042049E-07  0.262123413632E-06  0.724428593046E-06
 -0.710527833468E-06 -0.531666343253E-07  0.152260309926E-02
  0.328271280800E-05 -0.157160344887E-02 -0.800609168048E-03
 -0.199844859951E-05  0.826393495420E-03  0.802058327905E-04
  0.288697177086E-06 -0.827960588828E-04 -0.243388416405E-04
 -0.708649321494E-07  0.251249346225E-04  0.270505574266E-02
 -0.915923554301E-03 -0.178957585461E-02  0.451718237713    
 -0.771466102320E-03 -0.437702856975     -0.117994776238E-01
  0.399427851000E-02  0.780607323449E-02  -1.97018148666    
  0.336517281359E-02   1.90905302324      0.158133568458E-02
 -0.535095420442E-03 -0.104589078866E-02  0.264013237085    
 -0.450946286109E-03 -0.255821746306    
  
  0.141385232455E-06  0.126047858771E-05  0.355901363146E-05
 -0.349052504283E-05 -0.261157933628E-06 -0.157931181640E-02
 -0.189199398578E-04 -0.153045487494E-02  0.831133429924E-03
  0.115501404519E-04  0.805440402529E-03 -0.835217865087E-04
 -0.166999498651E-05 -0.809467760960E-04  0.253414585960E-04
  0.408856601679E-06  0.245602388059E-04  0.262232109556E-02
 -0.447323809969E-02  0.184874094464E-02  0.437657119683    
  0.448179315762E-02  0.451699147701     -0.114387625708E-01
  0.195074722317E-01 -0.806441441386E-02  -1.90885331564    
 -0.195498175055E-01  -1.97009800333      0.153360876526E-02
 -0.261332303890E-02  0.108143186113E-02  0.255794980747    
  0.261975163322E-02  0.264002046006    
  
  0.381391206457E-10  0.246557069101E-08 -0.412250500718E-10
  0.102347299932E-09 -0.447494100953E-10 -0.966269050997E-05
  0.130466847033E-08  0.141503026694E-04  0.570415824430E-05
 -0.221204076186E-09 -0.835333167091E-05 -0.769614611726E-06
  0.242702150905E-10  0.112700938922E-05  0.187290475338E-06
 -0.136284262144E-10 -0.274287674169E-06  0.317084160659    
  0.609975230684E-05 -0.317090259509     -0.379808156569E-02
 -0.577451871261E-07  0.259386233550E-02  -1.37223195882    
 -0.263920674385E-04   1.37225835002      0.164350516251E-01
  0.249908931117E-06 -0.112241533811E-01  0.183844593368    
  0.353585133557E-05 -0.183848129085     -0.220188887322E-02
 -0.334812146632E-07  0.150375792007E-02
  
 -0.568134763005E-08 -0.330364708993E-08  0.101247282280E-07
 -0.541012107588E-08  0.182164072404E-08  0.100668600813E-04
 -0.217688545941E-02  0.687430466651E-05 -0.384339666538E-05
  0.117490799027E-02 -0.262450023985E-05 -0.519093185713E-07
 -0.121046251118E-03 -0.354812864519E-07 -0.637910546776E-07
  0.356749594332E-04 -0.435669527854E-07 -0.844479311541E-05
  0.169978610025E-04 -0.850282191470E-05 -0.258646325466E-02
  0.634182103615     -0.378743726782E-02  0.366609643786E-04
 -0.735272943996E-04  0.369121205702E-04  0.111918556449E-01
  -2.74449169788      0.163885831862E-01 -0.491168143904E-05
  0.985203408087E-05 -0.494532993548E-05 -0.149942999233E-02
  0.367691826265     -0.219566205973E-02
  
 -0.108114859523E-03  0.669026985589E-02  0.149655455163E-01
 -0.137480044999E-01 -0.869145293986E-03 -0.148865070791E-04
  0.130563944393E-04 -0.218594876977E-04  0.750875260216E-05
  0.107320685510E-05  0.109901002547E-04 -0.636507618516E-06
 -0.359348568571E-06 -0.930346351183E-06  0.217874410550E-06
 -0.349643238968E-07  0.319182484919E-06 -0.183713824949    
  0.368087855397     -0.183724345543      0.661428723208E-02
  0.243252765200E-04  0.451737433392E-02  0.798542452069    
  -1.57844974448      0.798587779785     -0.284938059870E-01
 -0.105001209252E-03 -0.194604773250E-01 -0.103885219463    
  0.214111670946     -0.103891283351      0.381193736862E-02
  0.140477703463E-04  0.260344721321E-02
  
  0.296245005028E-05 -0.316265451526E-05  0.328682244489E-04
 -0.333599113296E-04 -0.159633543527E-05  0.270404634315E-01
   4.50467104581      0.184674661542E-01 -0.203127642136E-01
  -3.38389480799     -0.138727389266E-01  0.208997408543E-02
  0.348168350108      0.142736192172E-02 -0.498887022539E-03
 -0.831096001674E-01 -0.340718250925E-03 -0.572688504497E-05
 -0.825688852046E-05 -0.572691084694E-05  0.100456548460E-05
 -0.382245842816E-03  0.149397039219E-05  0.195938296243E-04
  0.196114199459E-04  0.195937476528E-04 -0.505015352315E-05
 -0.812482180149E-03 -0.739643609161E-05  0.465812139619E-05
  0.466668662665E-05  0.465813323120E-05  0.556212502127E-06
  0.863450733235E-04  0.814566304605E-06
  
  0.568174102331E-07  0.234600440454E-06  0.686079157087E-06
 -0.719646334365E-06 -0.384303956948E-07  -3.14858807327    
  0.565788635706E-02   3.23016167064       2.36108550143    
 -0.424269760985E-02  -2.42225648726     -0.241895365141    
  0.434667713974E-03  0.248162388439      0.579354602734E-01
 -0.104106483294E-03 -0.594364517533E-01 -0.309997171843E-05
 -0.108680233585E-05  0.181828536612E-05 -0.296686957910E-03
 -0.126974956628E-05  0.289106149529E-03  0.143296168334E-05
  0.580310031582E-06 -0.718700888641E-06 -0.566319115200E-03
 -0.427506767393E-06  0.551943015634E-03  0.262901434967E-08
  0.844920165448E-07  0.213083120401E-06  0.602600038442E-04
  0.371019844930E-07 -0.587265545259E-04
  
 -0.278353951167E-06 -0.115197225517E-05 -0.334730364958E-05
  0.351007083440E-05  0.187879460128E-06  -3.23005314149    
  0.322978157293E-01  -3.14853885616       2.42217509469    
 -0.242192175610E-01   2.36104858529     -0.248154045385    
  0.248127669161E-02 -0.241891578757      0.594344542518E-01
 -0.594286712467E-03  0.579345541282E-01  0.361966790131E-05
  0.533844721211E-05  0.275062876271E-05  0.292991199403E-03
 -0.720362188251E-05  0.300486280672E-03 -0.190908835303E-05
 -0.286855115455E-05 -0.153683696306E-05  0.554684972307E-03
 -0.241166933929E-05  0.568969471972E-03 -0.510858941758E-06
 -0.406957233410E-06 -0.546990070184E-06 -0.591656902008E-04
  0.207372207189E-06 -0.606855504414E-04
  
 -0.222876570103      0.226813989048      -7.94567659281    
   8.08560387600      0.361914088580     -0.176466112044E-07
  0.619864807722E-05 -0.443209368348E-07 -0.650856322292E-06
 -0.133083857314E-04 -0.898956983586E-06  0.201738294703E-06
  0.153862457731E-05  0.289149463143E-06 -0.201047489954E-07
 -0.272132807542E-06 -0.283744559978E-07   1.90432743543    
   1.93563099269       1.90432683561      0.376115356084E-03
  0.141223479150E-05  0.256872554163E-03  -4.87797665429    
  -4.88683009048      -4.87797648452     -0.106508965235E-03
 -0.420318288346E-06 -0.727421680578E-04  -1.09805315724    
  -1.09739748171      -1.09805316985      0.789900456180E-05
  0.318086025170E-07  0.539478947810E-05
  
 -0.216717302372E-07  0.501169016448E-07 -0.179828383936E-06
  0.215312259046E-06  0.880199278515E-08  0.429547288967E-03
  0.457271852676E-06 -0.427076506271E-03 -0.426203719153E-04
  0.120550504591E-06  0.423734762491E-04 -0.552097845344E-04
 -0.124817543012E-06  0.548920634883E-04  0.901603197217E-06
  0.858389294612E-08 -0.896331339926E-06 -0.583057996511E-01
  0.181930590686E-01  0.401131163134E-01  -9.71165105588    
  0.188172417223E-01   9.76759109484      0.125452642220E-01
 -0.391460889209E-02 -0.863107130921E-02   2.08960386920    
 -0.404881652269E-02  -2.10164018721     -0.963803759275E-03
  0.300694539593E-03  0.663026462496E-03 -0.160529885421    
  0.311042188596E-03  0.161454552900    
  
 -0.117310127051E-06  0.265229843667E-06 -0.965596454937E-06
  0.115741126554E-05  0.473324389084E-07 -0.429583469512E-03
 -0.230006322289E-05 -0.432023005922E-03  0.432146231073E-04
 -0.637842375398E-06  0.434583393065E-04  0.551256029752E-04
  0.648534865631E-06  0.554384839010E-04 -0.903332967383E-06
 -0.450443225379E-07 -0.908376798258E-06 -0.584742730715E-01
  0.981193230781E-01 -0.396430183634E-01  -9.76659927958    
 -0.983359978844E-01  -9.71121348360      0.125809876774E-01
 -0.211123760839E-01  0.852915509720E-02   2.10142677321    
  0.211584893274E-01   2.08950970848     -0.966716812136E-03
  0.162171481537E-02 -0.655442761715E-03 -0.161438157241    
 -0.162545838704E-02 -0.160522651165    
  
 -0.283765738228E-02 -0.659528658861E-02 -0.214781934340E-01
  0.251292639863E-01  0.984893593208E-03 -0.492468779831E-05
  0.280042673644E-05 -0.722546354349E-05  0.754095111046E-06
  0.622713075815E-06  0.110162248899E-05  0.532091340166E-06
  0.347439050383E-08  0.779176418201E-06  0.245682210644E-09
 -0.100861475074E-07  0.416422129799E-09   3.99508770111    
  -7.93234720895       3.99533518048     -0.142722621074    
 -0.132203015799E-02 -0.974730910229E-01 -0.871063681450    
   1.69381737024     -0.871116900802      0.306911727568E-01
  0.284336960629E-03  0.209606817880E-01  0.625548123112E-01
 -0.134407322181      0.625588992005E-01 -0.235683251977E-02
 -0.218381247257E-04 -0.160960992735E-02
  
  0.445694514702E-08  0.154249578413E-07  0.322349766923E-07
 -0.377700911617E-07 -0.149390227052E-08 -0.122383468097E-05
 -0.121572746101E-08  0.179194429839E-05 -0.373496527807E-06
 -0.373618774778E-10  0.546960677941E-06  0.342619625476E-06
  0.980928254111E-11 -0.501725807464E-06 -0.212247712676E-07
  0.612496127661E-11  0.310867073701E-07  -6.88683813209    
 -0.121284728635E-03   6.88695932969      0.827462163034E-01
  0.809019921050E-06 -0.565127156562E-01   1.48131329261    
  0.261061039183E-04  -1.48133932601     -0.177981084074E-01
 -0.174013723518E-06  0.121554735674E-01 -0.113778622934    
 -0.199873741815E-05  0.113780635568      0.136706175873E-02
  0.133658814705E-07 -0.933654451841E-03
  
  0.153324350062E-06  0.353125329662E-06  0.120520199728E-05
 -0.140324190817E-05 -0.551901039787E-07  0.522686898201E-05
 -0.591068815893E-03  0.356944177264E-05 -0.116578206388E-05
  0.553594866692E-04 -0.796069732859E-06 -0.376113435212E-06
  0.780763171761E-04 -0.256879233927E-06 -0.231685912695E-07
 -0.142337034248E-05 -0.158167995927E-07 -0.452294038574E-04
  0.865681993979E-04 -0.444309032975E-04  0.564715661391E-01
  -13.7737972802      0.826828375071E-01  0.103960031875E-04
 -0.179106400688E-04  0.102242502310E-04 -0.121466179375E-01
   2.96265085563     -0.177844697015E-01 -0.554434550941E-06
  0.161702786457E-05 -0.541242291264E-06  0.932974125428E-03
 -0.227558984982      0.136601401521E-02
  
   1.60893397901       7.58759881217       4.14559430520    
  -5.96874661479     -0.237876532358     -0.103356338009E-05
 -0.525122137242E-05 -0.148870835791E-05  0.568271573408E-06
 -0.431592156951E-06  0.833982003408E-06 -0.108843144765E-07
  0.131580899619E-06 -0.165479598266E-07  0.113848897480E-07
  0.153976908121E-07  0.165957798922E-07  -10.8053011643    
  -10.8218751820      -10.8053008475     -0.198833542310E-03
 -0.839438783988E-06 -0.135798224348E-03   3.39602124445    
   3.39889686934       3.39602118940      0.345356159112E-04
  0.146317026557E-06  0.235869653186E-04  0.657863484101    
  0.657659438142      0.657863488009     -0.245086487215E-05
 -0.100719309529E-07 -0.167387611339E-05
  
  -13.5813252932      -40.1899939054       15.9521359855    
   10.4738487589      0.402803551054     -0.474844291354E-07
 -0.196934651477E-05 -0.600958298625E-07  0.304509924526E-07
 -0.394549318959E-07  0.446445366725E-07 -0.395980865271E-08
  0.264514855310E-07 -0.591780063531E-08  0.900624295876E-09
  0.870915789675E-08  0.127520327214E-08  -4.29969960378    
  -4.29941861133      -4.29969960920      0.340056259869E-05
  0.134403426756E-07  0.232250147796E-05  -7.26088233359    
  -7.26089715925      -7.26088233329     -0.183520933429E-06
  0.297973824211E-09 -0.125334157284E-06 -0.747736124303    
 -0.747736416961     -0.747736124299     -0.316568725543E-08
 -0.421625343411E-10 -0.216211120692E-08
