 
  -100.11717371071438     
     5    0        5    0
         0.0000000000        0.0000000000        0.0000000000    1   1
         0.9000000000        0.9000000000        0.9000000000    1   2
        -0.9000000000       -0.9000000000        0.9000000000    1   3
        -0.9000000000        0.9000000000       -0.9000000000    1   4
         0.9000000000       -0.9000000000       -0.9000000000    1   5
  
  
  
  
       0.000000000032     -0.000000000001     -0.000000000000
       0.000147996533      0.000147996535      0.000147996535
      -0.000147996535     -0.000147996533      0.000147996536
      -0.000147996535      0.000147996536     -0.000147996533
       0.000147996533     -0.000147996532     -0.000147996532
 
  -99.365403511180304     
     5    3        5    3
         0.0000000000        0.0000000000        0.0000000000    1   1
         0.9000000000        0.9000000000        0.9000000000    1   2
        -0.9000000000       -0.9000000000        0.9000000000    1   3
        -0.9000000000        0.9000000000       -0.9000000000    1   4
         0.9000000000       -0.9000000000       -0.9000000000    1   5
  
  
         0.0000000000        0.0000000000        0.0000000000    1   1
         0.9000000000        0.9000000000        0.9000000000    1   2
        -0.9000000000       -0.9000000000        0.9000000000    1   3
  
  
      -0.000009704837      0.000000051063     -0.000014211362
       0.000042275537      0.000059360574      0.000042989376
      -0.000039486837     -0.000059589197      0.000043284945
      -0.000039801776      0.000060562820     -0.000039085952
       0.000042685105     -0.000059816387     -0.000038885046
       0.000000235986      0.000035997181      0.000000177055
      -0.000140643490      0.000641296362     -0.000142135245
       0.000074070250     -0.000297532620     -0.000077833433
 
  -99.365441958561320     
     5    3        5    3
         0.0012734898       -0.0000067055        0.0018648579    1   1
         0.8944524959        0.8922105435        0.8943588161    1   2
        -0.8948184366       -0.8921805460        0.8943200398    1   3
        -0.8947771015        0.8920527876       -0.8948710306    1   4
         0.8943987471       -0.8921507322       -0.8948974064    1   5
  
  
        -0.0000309686       -0.0047236488       -0.0000232395    1   1
         0.9184556159        0.8158473728        0.9186513607    1   2
        -0.9097197027       -0.8609569772        0.9102135067    1   3
  
  
       0.000513454850     -0.000003180913      0.000751893127
       0.000040351699      0.000043531517      0.000046016114
      -0.000024746195     -0.000055353710      0.000055228039
      -0.000038404229      0.000071186150     -0.000032540548
       0.000053873248     -0.000060566511     -0.000023192285
      -0.000013061892     -0.002204460319     -0.000008820234
       0.000089757090     -0.000617695837      0.000091106455
       0.000267012691     -0.001360237315     -0.000283489720
 
  -99.365439700544002     
     5    3        5    3
        -0.0021689179        0.0000155619       -0.0031761485    1   1
         0.8896915114        0.8856393713        0.8894741988    1   2
        -0.8904838156       -0.8854829476        0.8893246644    1   3
        -0.8902911114        0.8851162372       -0.8905106007    1   4
         0.8894777076       -0.8853841999       -0.8906390574    1   5
  
  
         0.0000577391        0.0106474515        0.0000348107    1   1
         0.9323510815        0.7542962149        0.9326907569    1   2
        -0.9197646589       -0.8181114404        0.9207940534    1   3
  
  
      -0.000940750153      0.000007727242     -0.001377615777
       0.000028745544      0.000085930544      0.000011382536
      -0.000079846787     -0.000061848980     -0.000010782076
      -0.000046768812      0.000025590723     -0.000063420948
      -0.000003826846     -0.000050480733     -0.000086091358
       0.000027364748      0.004547777294      0.000018805038
       0.000227021672     -0.001338294780      0.000230007052
       0.000364582046     -0.001871524244     -0.000387222433
 
  -99.365458451276055     
     5    3        5    3
        -0.0004151342        0.0000042174       -0.0006079359    1   1
         0.8921170629        0.8889871488        0.8919627368    1   2
        -0.8926921501       -0.8888951347        0.8918696297    1   3
        -0.8925765631        0.8886501618       -0.8927320839    1   4
         0.8919848014       -0.8888315063       -0.8928085341    1   5
  
  
         0.0000125457        0.0028164251        0.0000052362    1   1
         0.9252718383        0.7856543306        0.9255381862    1   2
        -0.9146471126       -0.8399397105        0.9154036429    1   3
  
  
      -0.000192329701      0.000001113395     -0.000281649165
       0.000034882245      0.000063982088      0.000029544365
      -0.000051507652     -0.000058541861      0.000023245018
      -0.000042577573      0.000048640956     -0.000047881984
       0.000025713259     -0.000055651971     -0.000053942485
       0.000005013578      0.000802947655      0.000003585383
       0.000152863468     -0.000944991139      0.000154957394
       0.000313845149     -0.001603209343     -0.000333255916
 
  -99.365471926812518     
     5    3        5    3
        -0.0005462223        0.0000053526       -0.0007998838    1   1
         0.8915314123        0.8881404209        0.8913771512    1   2
        -0.8921087002       -0.8880439477        0.8912855785    1   3
        -0.8919953790        0.8877942336       -0.8921512654    1   4
         0.8914014096       -0.8879785738       -0.8922261751    1   5
  
  
         0.0000156261        0.0035035723        0.0000065423    1   1
         0.9260646529        0.7831078111        0.9263373730    1   2
        -0.9167370127       -0.8300692372        0.9176146515    1   3
  
  
      -0.000246772588      0.000001664041     -0.000361368085
       0.000034414069      0.000065362710      0.000028296396
      -0.000053256867     -0.000058587063      0.000020897542
      -0.000042663286      0.000046854442     -0.000048727762
       0.000023625068     -0.000055100506     -0.000055931258
       0.000007173247      0.001159480591      0.000005080536
       0.000118448001     -0.000750766368      0.000120105832
       0.000279524931     -0.001419845446     -0.000296731296
 
  -99.365572948423576     
     5    3        5    3
        -0.0021367807        0.0000076600       -0.0031292460    1   1
         0.8751934977        0.8647586110        0.8749425538    1   2
        -0.8761902867       -0.8645420011        0.8748301277    1   3
        -0.8760656790        0.8640602057       -0.8763289076    1   4
         0.8750368570       -0.8644099375       -0.8764093417    1   5
  
  
         0.0000011955        0.0050042877       -0.0000214212    1   1
         0.9611900347        0.6404649031        0.9618019079    1   2
        -0.9629531471       -0.6198276220        0.9664276609    1   3
  
  
      -0.000934098963      0.000004324996     -0.001367947713
       0.000022673987      0.000080850776      0.000003978421
      -0.000078582212     -0.000056682057     -0.000019095872
      -0.000044508600      0.000019150584     -0.000062486673
      -0.000011168292     -0.000045055013     -0.000085792513
       0.000018937889      0.003156252059      0.000012972670
      -0.000246742333      0.001582020171     -0.000250229514
      -0.000190172435      0.001390692478      0.000206172716
 
  -99.365608827479122     
     5    3        5    3
         0.0020583495        0.0000098338        0.0030151322    1   1
         0.8724266145        0.8605647014        0.8722508586    1   2
        -0.8732220155       -0.8604419161        0.8722430852    1   3
        -0.8732572162        0.8600964095       -0.8734534166    1   4
         0.8724245073       -0.8603531823       -0.8734239304    1   5
  
  
        -0.0000086787        0.0034360286       -0.0000285411    1   1
         0.9697162411        0.5991236808        0.9704232332    1   2
        -0.9675665913       -0.6049800443        0.9712382725    1   3
  
  
       0.000845625745      0.000003085824      0.001238710330
       0.000032787769      0.000028640901      0.000040383553
      -0.000012764988     -0.000046078043      0.000054177583
      -0.000032912458      0.000068911603     -0.000024773856
       0.000052984592     -0.000053674790     -0.000011029362
       0.000011402095      0.001895093854      0.000007834707
      -0.000042311072      0.000279012810     -0.000042923750
      -0.000002275503      0.000095498471      0.000003264953
 
  -99.365622241004644     
     5    3        5    3
        -0.0004576287        0.0000033159       -0.0006703631    1   1
         0.8668768434        0.8526334487        0.8666626197    1   2
        -0.8678237975       -0.8524346525        0.8666212991    1   3
        -0.8678193921        0.8519668314       -0.8680630270    1   4
         0.8668274684       -0.8523084193       -0.8680594354    1   5
  
  
        -0.0000448700       -0.0017275068       -0.0000573498    1   1
         0.9837238308        0.5370376275        0.9845759829    1   2
        -0.9803665576       -0.5510464432        0.9847140440    1   3
  
  
      -0.000217572339      0.000000135369     -0.000318692605
       0.000024626723      0.000057029429      0.000016510364
      -0.000050645576     -0.000050035560      0.000007673975
      -0.000038442435      0.000035752354     -0.000046508588
       0.000011826206     -0.000046024711     -0.000054747730
      -0.000006863185     -0.001129046831     -0.000004769823
       0.000048270214     -0.000394246890      0.000049113877
       0.000052655618     -0.000412913282     -0.000057367249
 
  -99.365625414166942     
     5    3        5    3
         0.0003067832        0.0000008776        0.0004492242    1   1
         0.8649844066        0.8498537235        0.8647861651    1   2
        -0.8658944669       -0.8496688230        0.8647731626    1   3
        -0.8659322263        0.8492247816       -0.8661615173    1   4
         0.8649766603       -0.8495496575       -0.8661290737    1   5
  
  
        -0.0000396724       -0.0004711990       -0.0000555950    1   1
         0.9877842189        0.5205523307        0.9886755690    1   2
        -0.9854215807       -0.5279807489        0.9900538128    1   3
  
  
       0.000100473790     -0.000001227259      0.000147126091
       0.000026180963      0.000047209942      0.000022847065
      -0.000038314907     -0.000047662559      0.000020625854
      -0.000035891796      0.000044131664     -0.000039215709
       0.000023086382     -0.000047082778     -0.000040765587
      -0.000001610794     -0.000255311143     -0.000001164264
      -0.000003548792      0.000030027140     -0.000003612803
      -0.000009477432      0.000059581623      0.000010176321
 
  -99.365630627044339     
     5    3        5    3
         0.0003067832        0.0000008776        0.0004492242    1   1
         0.8649844066        0.8498537235        0.8647861651    1   2
        -0.8658944669       -0.8496688230        0.8647731626    1   3
        -0.8659322263        0.8492247816       -0.8661615173    1   4
         0.8649766603       -0.8495496575       -0.8661290737    1   5
  
  
        -0.0000396724       -0.0004711990       -0.0000555950    1   1
         0.9877842189        0.5205523307        0.9886755690    1   2
        -0.9854215807       -0.5279807489        0.9900538128    1   3
  
  
       0.000102314459     -0.000001250400      0.000149822191
       0.000026504399      0.000046545638      0.000023304856
      -0.000037965919     -0.000047523705      0.000020992455
      -0.000035453819      0.000044541466     -0.000038643463
       0.000023283729     -0.000047147409     -0.000040247286
      -0.000001615046     -0.000255724661     -0.000001170053
      -0.000003960756      0.000034757819     -0.000004034487
      -0.000011093524      0.000069758451      0.000011911012
