  IT          TRACE                ETOT                 EKIN+ENONLOC          CHARGE              EDFT+SIC              LOWEST
   1        -52.213139305        -98.334777989         95.295574292          7.999999992        -99.203422305        -99.203422305
   2        -66.825391452        -98.408156830        100.884167398          7.999999994        -99.341844107        -99.341844107
   3        -66.702177256        -98.384303179        101.386259065          7.999999994        -99.326019119        -99.341844107
   4        -56.377031564        -97.922945348         91.466812557          7.999999990        -98.775301948        -99.341844107
   5        -65.062346909        -98.445761764         98.821107075          7.999999993        -99.361495069        -99.361495069
   6        -65.995058725        -98.418079339        100.500967537          7.999999994        -99.351739518        -99.361495069
   7        -65.189619440        -98.428746268        100.018862350          7.999999994        -99.359568215        -99.361495069
   8        -64.979778005        -98.433660716         99.779066863          7.999999994        -99.362443731        -99.362443731
   9        -64.745116745        -98.437521136         99.555919433          7.999999994        -99.364292249        -99.364292249
  10        -64.273740636        -98.442444256         99.113799915          7.999999993        -99.365332909        -99.365332909
  11        -64.232264002        -98.443252072         99.014161443          7.999999993        -99.365079264        -99.365332909
  12        -64.363808294        -98.442701121         99.121015523          7.999999993        -99.365331831        -99.365332909
  13        -64.419424254        -98.442205175         99.185099965          7.999999993        -99.365398077        -99.365398077
  14        -64.439594738        -98.441959379         99.212117879          7.999999993        -99.365404865        -99.365404865
  15        -64.447447134        -98.441853540         99.223081501          7.999999993        -99.365403867        -99.365404865
  16        -64.447594531        -98.441832473         99.224815713          7.999999993        -99.365403511        -99.365404865
  17          0.000000000        -98.441832473         99.224815713          7.999999993        -99.365441959        -99.365441959
  18          0.000000000        -98.441832473         99.224815713          7.999999993        -99.365439701        -99.365441959
  19          0.000000000        -98.441832473         99.224815713          7.999999993        -99.365458451        -99.365458451
  20          0.000000000        -98.441832473         99.224815713          7.999999993        -99.365471927        -99.365471927
  21          0.000000000        -98.441832473         99.224815713          7.999999993        -99.365572948        -99.365572948
  22          0.000000000        -98.441832473         99.224815713          7.999999993        -99.365608827        -99.365608827
  23          0.000000000        -98.441832473         99.224815713          7.999999993        -99.365622241        -99.365622241
  24          0.000000000        -98.441832473         99.224815713          7.999999993        -99.365625414        -99.365625414
  25        -64.444016055        -98.441993273         99.205310514          7.999999993        -99.365630457        -99.365630457
  26        -64.442777576        -98.442023459         99.202307254          7.999999993        -99.365630643        -99.365630643
  27        -64.442730872        -98.442027354         99.202248438          7.999999993        -99.365630627        -99.365630643
