           6           5 
  0.806717658393D-03  0.975869262339D-03 -0.602068950537D-04  1  D2INV=      1.0000 SUGGEST=       1.0000
  0.626067596510D+00 -0.252276345866D+00  0.909290508108D+00  1  D2INV=      1.0000 SUGGEST=       1.0000
 -0.233446721401D+00  0.117216208164D+01 -0.625918545769D-01  1  D2INV=      1.0000 SUGGEST=       1.0000
 -0.105676943415D+01 -0.584168356628D+00  0.186878202927D-01  1  D2INV=      1.0000 SUGGEST=       1.0000
  0.625229971955D+00 -0.328089989729D+00 -0.860019412203D+00  1  D2INV=      1.0000 SUGGEST=       1.0000
  0.351402676313D+01  0.419796062353D+00 -0.133478431424D+00  1  D2INV=      1.0000 SUGGEST=       1.0000
  0.801358662466D-01  0.100506453470D-01 -0.288211445947D-02  1  D2INV=      1.0000 SUGGEST=       1.0000
 -0.193070488845D+00 -0.603585324809D-01  0.119373139690D+01  1  D2INV=      1.0000 SUGGEST=       1.0000
 -0.364882334978D+00  0.100718769614D+01 -0.564318311326D+00  1  D2INV=      1.0000 SUGGEST=       1.0000
 -0.158079316729D+00 -0.103880910295D+01 -0.605164885677D+00  1  D2INV=      1.0000 SUGGEST=       1.0000
  0.379231652672D+01  0.356602656146D+00 -0.143250483798D+00  1  D2INV=      1.0000 SUGGEST=       1.0000
