   3          TOTAL NUMBER OF ATOM TYPES                                        
   8   8      ELECTRONIC AND NUCLEAR CHARGE                                     
ALL           ALL-ELECTRON ATOM TYPE                                            
   1          NUMBER OF ATOMS OF TYPE OXY                                       
 0.000000 0.000000 0.000000 UPO                                                 
 0                                                                              
  13          NUMBER OF BARE GAUSSIANS                                          
   5   4   3  NUMBER OF S,P,D FUNCTIONS                                         
   0   0   1  SUPPLEMENTARY S,P,D FUNCTIONS                                     
       0.6120995220D+05       0.9191660630D+04       0.2094692730D+04           
       0.5935495900D+03       0.1936468550D+03       0.6977937380D+02           
       0.2693975300D+02       0.1093418610D+02       0.4565711210D+01           
       0.1884057180D+01       0.7553058400D+00       0.2915527400D+00           
       0.1049174000D+00                                                         
                                                                                
       0.2484510850D+00       0.4640692010D+00       0.8000280060D+00           
       0.1288259230D+01       0.1912301250D+01       0.2484317540D+01           
       0.2565928310D+01       0.1710267850D+01       0.4862767820D+00           
       0.2128629570D-01       0.3876386950D-03      -0.1273179470D-03           
       0.1805300580D-04                                                         
                                                                                
      -0.5837699430D-01      -0.1091869670D+00      -0.1884255660D+00           
      -0.3060803760D+00      -0.4627975500D+00      -0.6352657150D+00           
      -0.7423516650D+00      -0.6508699470D+00      -0.2850338670D+00           
       0.1945857910D+00       0.3001787390D+00       0.1205146690D+00           
       0.7304580300D-02                                                         
                                                                                
       0.0000000000D+00       0.0000000000D+00       0.0000000000D+00           
       0.0000000000D+00       0.0000000000D+00       0.0000000000D+00           
       0.0000000000D+00       0.0000000000D+00       0.0000000000D+00           
       0.0000000000D+00       0.1000000000D+01       0.0000000000D+00           
       0.0000000000D+00                                                         
                                                                                
       0.0000000000D+00       0.0000000000D+00       0.0000000000D+00           
       0.0000000000D+00       0.0000000000D+00       0.0000000000D+00           
       0.0000000000D+00       0.0000000000D+00       0.0000000000D+00           
       0.0000000000D+00       0.0000000000D+00       0.1000000000D+01           
       0.0000000000D+00                                                         
                                                                                
       0.0000000000D+00       0.0000000000D+00       0.0000000000D+00           
       0.0000000000D+00       0.0000000000D+00       0.0000000000D+00           
       0.0000000000D+00       0.0000000000D+00       0.0000000000D+00           
       0.0000000000D+00       0.0000000000D+00       0.0000000000D+00           
       0.1000000000D+01                                                         
                                                                                
       0.4803085360D-01       0.7673145870D-01       0.1493385660D+00           
       0.2241829500D+00       0.3683805400D+00       0.5002376060D+00           
       0.6764937310D+00       0.7390674950D+00       0.7096321280D+00           
       0.4954630190D+00       0.2131075530D+00       0.5731713790D-01           
       0.6280915410D-02                                                         
                                                                                
       0.0000000000D+00       0.0000000000D+00       0.0000000000D+00           
       0.0000000000D+00       0.0000000000D+00       0.0000000000D+00           
       0.0000000000D+00       0.0000000000D+00       0.0000000000D+00           
       0.0000000000D+00       0.1000000000D+01       0.0000000000D+00           
       0.0000000000D+00                                                         
                                                                                
       0.0000000000D+00       0.0000000000D+00       0.0000000000D+00           
       0.0000000000D+00       0.0000000000D+00       0.0000000000D+00           
       0.0000000000D+00       0.0000000000D+00       0.0000000000D+00           
       0.0000000000D+00       0.0000000000D+00       0.1000000000D+01           
       0.0000000000D+00                                                         
                                                                                
       0.0000000000D+00       0.0000000000D+00       0.0000000000D+00           
       0.0000000000D+00       0.0000000000D+00       0.0000000000D+00           
       0.0000000000D+00       0.0000000000D+00       0.0000000000D+00           
       0.0000000000D+00       0.0000000000D+00       0.0000000000D+00           
       0.1000000000D+01                                                         
                                                                                
       0.0000000000D+00       0.0000000000D+00       0.0000000000D+00           
       0.0000000000D+00       0.0000000000D+00       0.0000000000D+00           
       0.0000000000D+00       0.0000000000D+00       0.0000000000D+00           
       0.1000000000D+01       0.0000000000D+00       0.0000000000D+00           
       0.0000000000D+00                                                         
                                                                                
       0.0000000000D+00       0.0000000000D+00       0.0000000000D+00           
       0.0000000000D+00       0.0000000000D+00       0.0000000000D+00           
       0.0000000000D+00       0.0000000000D+00       0.0000000000D+00           
       0.0000000000D+00       0.1000000000D+01       0.0000000000D+00           
       0.0000000000D+00                                                         
                                                                                
       0.0000000000D+00       0.0000000000D+00       0.0000000000D+00           
       0.0000000000D+00       0.0000000000D+00       0.0000000000D+00           
       0.0000000000D+00       0.0000000000D+00       0.0000000000D+00           
       0.0000000000D+00       0.0000000000D+00       0.1000000000D+01           
       0.0000000000D+00                                                         
                                                                                
       0.0000000000D+00       0.0000000000D+00       0.0000000000D+00           
       0.0000000000D+00       0.0000000000D+00       0.0000000000D+00           
       0.0000000000D+00       0.0000000000D+00       0.0000000000D+00           
       0.0000000000D+00       0.0000000000D+00       0.0000000000D+00           
       0.1000000000D+01                                                         
                                                                                
   1   1      ELECTRONIC AND NUCLEAR CHARGE                                     
ALL           ALL-ELECTRON ATOM TYPE                                            
   2          NUMBER OF ATOMS OF TYPE HYD                                       
 1.450000 1.120000 0.000000 UPO                                                 
 -1.450000 1.120000 0.000000 UPO                                                
 0                                                                              
   6          NUMBER OF BARE GAUSSIANS                                          
   4   3   1  NUMBER OF S,P,D FUNCTIONS                                         
   0   1   1  SUPPLEMENTARY S,P,D FUNCTIONS                                     
       0.7784080190D+02       0.1153441740D+02       0.2613858140D+01           
       0.7321663300D+00       0.2283819000D+00       0.7450697000D-01           
                                                                                
       0.3765677010D-01       0.7036322570D-01       0.1131455390D+00           
       0.1393935110D+00       0.1091635820D+00       0.3585699350D-01           
                                                                                
       0.0000000000D+00       0.0000000000D+00       0.0000000000D+00           
       0.1000000000D+01       0.0000000000D+00       0.0000000000D+00           
                                                                                
       0.0000000000D+00       0.0000000000D+00       0.0000000000D+00           
       0.0000000000D+00       0.1000000000D+01       0.0000000000D+00           
                                                                                
       0.0000000000D+00       0.0000000000D+00       0.0000000000D+00           
       0.0000000000D+00       0.0000000000D+00       0.1000000000D+01           
                                                                                
       0.0000000000D+00       0.0000000000D+00       0.1000000000D+01           
       0.0000000000D+00       0.0000000000D+00       0.0000000000D+00           
                                                                                
       0.0000000000D+00       0.0000000000D+00       0.0000000000D+00           
       0.1000000000D+01       0.0000000000D+00       0.0000000000D+00           
                                                                                
       0.0000000000D+00       0.0000000000D+00       0.0000000000D+00           
       0.0000000000D+00       0.1000000000D+01       0.0000000000D+00           
                                                                                
       0.0000000000D+00       0.0000000000D+00       0.0000000000D+00           
       0.0000000000D+00       0.0000000000D+00       0.1000000000D+01           
                                                                                
       0.0000000000D+00       0.0000000000D+00       0.0000000000D+00           
       0.1000000000D+01       0.0000000000D+00       0.0000000000D+00           
                                                                                
       0.0000000000D+00       0.0000000000D+00       0.0000000000D+00           
       0.0000000000D+00       0.1000000000D+01       0.0000000000D+00           
                                                                                
   9   9      ELECTRONIC AND NUCLEAR CHARGE                                     
ALL           ALL-ELECTRON ATOM TYPE                                            
   1          NUMBER OF ATOMS OF TYPE FLU                                       
 0.000000 20.000000 0.000000 UPO                                                
 0                                                                              
  14          NUMBER OF BARE GAUSSIANS                                          
   5   4   3  NUMBER OF S,P,D FUNCTIONS                                         
   0   0   1  SUPPLEMENTARY S,P,D FUNCTIONS                                     
       0.1231742220D+06       0.1865493160D+05       0.4284660370D+04           
       0.1223150920D+04       0.4016733760D+03       0.1457852270D+03           
       0.5694551760D+02       0.2349311190D+02       0.1003418550D+02           
       0.4343769680D+01       0.1868203030D+01       0.7806879100D+00           
       0.3149846100D+00       0.1181861600D+00                                  
                                                                                
       0.2355763350D+00       0.4376225000D+00       0.7524712120D+00           
       0.1216638020D+01       0.1845316540D+01       0.2551384850D+01           
       0.3004077050D+01       0.2682876730D+01       0.1405497250D+01           
       0.2609771830D+00       0.2555561480D-02       0.7546130340D-03           
      -0.1646029690D-03       0.2082887950D-04                                  
                                                                                
      -0.5583942250D-01      -0.1035858050D+00      -0.1788144750D+00           
      -0.2894265580D+00      -0.4466115800D+00      -0.6343658820D+00           
      -0.8145208580D+00      -0.8538368980D+00      -0.6447789780D+00           
      -0.1142431720D+00       0.3167190590D+00       0.3041863400D+00           
       0.1005780670D+00       0.4817488440D-02                                  
                                                                                
       0.0000000000D+00       0.0000000000D+00       0.0000000000D+00           
       0.0000000000D+00       0.0000000000D+00       0.0000000000D+00           
       0.0000000000D+00       0.0000000000D+00       0.0000000000D+00           
       0.0000000000D+00       0.0000000000D+00       0.1000000000D+01           
       0.0000000000D+00       0.0000000000D+00                                  
                                                                                
       0.0000000000D+00       0.0000000000D+00       0.0000000000D+00           
       0.0000000000D+00       0.0000000000D+00       0.0000000000D+00           
       0.0000000000D+00       0.0000000000D+00       0.0000000000D+00           
       0.0000000000D+00       0.0000000000D+00       0.0000000000D+00           
       0.1000000000D+01       0.0000000000D+00                                  
                                                                                
       0.0000000000D+00       0.0000000000D+00       0.0000000000D+00           
       0.0000000000D+00       0.0000000000D+00       0.0000000000D+00           
       0.0000000000D+00       0.0000000000D+00       0.0000000000D+00           
       0.0000000000D+00       0.0000000000D+00       0.0000000000D+00           
       0.0000000000D+00       0.1000000000D+01                                  
                                                                                
       0.4900854750D-01       0.9059901630D-01       0.1569389330D+00           
       0.2549422150D+00       0.3969983700D+00       0.5817501900D+00           
       0.7854593500D+00       0.9713952850D+00       0.1017485400D+01           
       0.8881348760D+00       0.5325776020D+00       0.2097448310D+00           
       0.5358788830D-01       0.5596492130D-02                                  
                                                                                
       0.0000000000D+00       0.0000000000D+00       0.0000000000D+00           
       0.0000000000D+00       0.0000000000D+00       0.0000000000D+00           
       0.0000000000D+00       0.0000000000D+00       0.0000000000D+00           
       0.0000000000D+00       0.0000000000D+00       0.1000000000D+01           
       0.0000000000D+00       0.0000000000D+00                                  
                                                                                
       0.0000000000D+00       0.0000000000D+00       0.0000000000D+00           
       0.0000000000D+00       0.0000000000D+00       0.0000000000D+00           
       0.0000000000D+00       0.0000000000D+00       0.0000000000D+00           
       0.0000000000D+00       0.0000000000D+00       0.0000000000D+00           
       0.1000000000D+01       0.0000000000D+00                                  
                                                                                
       0.0000000000D+00       0.0000000000D+00       0.0000000000D+00           
       0.0000000000D+00       0.0000000000D+00       0.0000000000D+00           
       0.0000000000D+00       0.0000000000D+00       0.0000000000D+00           
       0.0000000000D+00       0.0000000000D+00       0.0000000000D+00           
       0.0000000000D+00       0.1000000000D+01                                  
                                                                                
       0.0000000000D+00       0.0000000000D+00       0.0000000000D+00           
       0.0000000000D+00       0.0000000000D+00       0.0000000000D+00           
       0.0000000000D+00       0.0000000000D+00       0.0000000000D+00           
       0.0000000000D+00       0.1000000000D+01       0.0000000000D+00           
       0.0000000000D+00       0.0000000000D+00                                  
                                                                                
       0.0000000000D+00       0.0000000000D+00       0.0000000000D+00           
       0.0000000000D+00       0.0000000000D+00       0.0000000000D+00           
       0.0000000000D+00       0.0000000000D+00       0.0000000000D+00           
       0.0000000000D+00       0.0000000000D+00       0.1000000000D+01           
       0.0000000000D+00       0.0000000000D+00                                  
                                                                                
       0.0000000000D+00       0.0000000000D+00       0.0000000000D+00           
       0.0000000000D+00       0.0000000000D+00       0.0000000000D+00           
       0.0000000000D+00       0.0000000000D+00       0.0000000000D+00           
       0.0000000000D+00       0.0000000000D+00       0.0000000000D+00           
       0.1000000000D+01       0.0000000000D+00                                  
                                                                                
       0.0000000000D+00       0.0000000000D+00       0.0000000000D+00           
       0.0000000000D+00       0.0000000000D+00       0.0000000000D+00           
       0.0000000000D+00       0.0000000000D+00       0.0000000000D+00           
       0.0000000000D+00       0.0000000000D+00       0.0000000000D+00           
       0.0000000000D+00       0.1000000000D+01                                  
                                                                                
 10.0000 9.00000                                                                
WFOUT                                                                           
     2     SPIN
    20     NUMBER OF OCCUPIED ORBITALS, EVALUES:
  -24.1169621718      -18.6742149213      -1.03819379768    
 -0.980222699769     -0.537475207105     -0.398089618201    
 -0.368519051173     -0.368512487506     -0.368291073695    
 -0.332698351145      -24.0907917873      -18.6706115742    
 -0.987816351830     -0.973968200940     -0.534351532183    
 -0.394072781406     -0.320863258643     -0.320003680092    
 -0.319987757772     -0.319987286175    
     1     NUMBER OF REPRESENTATIONS
    10   108
   1.00000000000       1.00000000000       1.00000000000    
   1.00000000000       1.00000000000       1.00000000000    
   1.00000000000       1.00000000000       1.00000000000    
   1.00000000000    
  
  0.404988175361E-10  0.135403385732E-09  0.162110613505E-09
 -0.311599164229E-09 -0.129739134090E-09  0.661312285857E-15
 -0.939552736812E-11 -0.166198714883E-16 -0.393711633008E-15
  0.151991299148E-11  0.116886999039E-16  0.113214706284E-15
 -0.709918232786E-10 -0.151010570865E-16 -0.110844409679E-16
 -0.190166124645E-10 -0.237995238052E-19 -0.119856758654E-09
 -0.109218876064E-09 -0.540016620769E-10  0.332444978979E-16
  0.432946085602E-18  0.255092836864E-18  0.974018521462E-10
  0.950390119462E-10  0.756034781865E-10  0.102887715912E-15
 -0.381914841214E-18  0.339195479451E-18  0.200404700677E-10
  0.220093828391E-10  0.449941822829E-10  0.184647168394E-16
  0.611741107372E-20 -0.457064695022E-19 -0.248067600385E-11
  0.734227348112E-11  0.103192624776E-09  0.259384385936E-10
  0.208918839024E-10  0.165924453827E-10  0.405538816293E-18
 -0.230734022985E-10 -0.137185337893E-10 -0.508430808727E-19
 -0.338251840640E-10 -0.198940788492E-10  0.774221036446E-19
  0.131045635937E-10  0.147141985410E-11 -0.267882780108E-11
  0.170657391056E-10  0.243722427379E-18 -0.238614006151E-18
 -0.248088543870E-11  0.734238281014E-11  0.103192754991E-09
  0.259384565183E-10 -0.208921346421E-10  0.165924986857E-10
  0.546324076782E-18  0.230736028143E-10 -0.137186467594E-10
 -0.283872754388E-18  0.338252106250E-10 -0.198941010117E-10
  0.891707611705E-19  0.131046223867E-10  0.147145042697E-11
 -0.267884187968E-11 -0.170658333985E-10 -0.548645034902E-18
  0.108748297314E-18  0.998918086917     -0.219713410377E-02
  0.201380805504E-02  0.362982018309E-03 -0.241463105070E-04
 -0.697927331338E-15 -0.657477227095E-05  0.103712279159E-13
  0.527330291329E-15  0.276032715538E-05 -0.416065703380E-14
 -0.600146477340E-16  0.764028236708E-07 -0.175480954970E-15
  0.172607612502E-16  0.640542571963E-07 -0.923137898037E-16
 -0.211730584735E-02 -0.212944075147E-02 -0.211694612022E-02
  0.217242369798E-12  0.361074835861E-14  0.252734591030E-12
 -0.562633428956E-03 -0.560723005234E-03 -0.562690061456E-03
 -0.341556380922E-13 -0.577004968676E-15 -0.397425158046E-13
  0.203831942683E-04  0.202335491060E-04  0.203876303426E-04
  0.267531173551E-14  0.453092981906E-16  0.311303049201E-14
  
 -0.999979926404     -0.368477163437E-03  0.572948091184E-03
 -0.595073106689E-03 -0.487966942537E-04 -0.251685085670E-09
 -0.694970147234E-02  0.133436114248E-09  0.151027704051E-09
  0.346237729682E-02 -0.528097835165E-10 -0.324078527986E-11
 -0.261099772361E-05 -0.372105472503E-11  0.141757905357E-11
  0.263218349376E-04 -0.107849987192E-11 -0.149654311187E-02
 -0.809867718120E-03  0.100486988597E-03  0.174010977372E-10
 -0.180503507660E-15  0.408314011816E-10  0.102619919922E-02
  0.837133013893E-03  0.179248640709E-03  0.278411469827E-10
  0.217546590300E-16 -0.864274821257E-11 -0.161129679121E-03
 -0.102043901368E-03 -0.279738525151E-04 -0.501895730363E-11
 -0.313227193403E-17  0.690112043132E-12 -0.383714439366E-04
 -0.318253433143E-03  0.407920303599E-03  0.100441493598E-04
 -0.109912632646E-03 -0.751063639207E-04 -0.257146531380E-12
  0.594281906072E-03  0.378804740166E-03  0.148262982464E-11
 -0.918616024541E-04 -0.729172853023E-04 -0.313938179028E-12
 -0.320356627229E-03 -0.100127683788E-03 -0.133255431552E-04
 -0.364232632160E-03 -0.229582900774E-11 -0.157777075647E-11
 -0.383714291950E-04 -0.318253415489E-03  0.407920279387E-03
  0.100441489931E-04  0.109912627910E-03 -0.751063531282E-04
 -0.257147746452E-12 -0.594281864061E-03  0.378804700292E-03
  0.148263161906E-11  0.918615969934E-04 -0.729172815961E-04
 -0.313940750239E-12 -0.320356610968E-03 -0.100127661998E-03
 -0.133255434586E-04  0.364232590271E-03  0.229582242227E-11
 -0.157776628591E-11  0.802676260745E-10  0.259887571788E-09
  0.470391792851E-09 -0.551335753049E-09 -0.646478172128E-10
 -0.694918119917E-19 -0.920778600777E-10 -0.684193423924E-20
  0.103853038968E-18  0.137613401928E-09  0.102140932129E-19
 -0.489358919080E-19 -0.648523955036E-10 -0.480232509588E-20
  0.132165232242E-19  0.175172048437E-10  0.129443973923E-20
 -0.172964468044E-09 -0.175581103756E-09 -0.172948973868E-09
 -0.376407338669E-20  0.539515535393E-23  0.236647064021E-22
  0.280302165492E-09  0.281698257738E-09  0.280293893557E-09
  0.200949359998E-20 -0.204435098645E-24 -0.118442854875E-22
  0.993056539044E-10  0.990073169131E-10  0.993074227528E-10
 -0.429618833347E-21 -0.187688735397E-25  0.221818017681E-23
  
  0.941135311222E-09  0.327766639160E-08  0.116650808582E-07
 -0.193268309368E-07 -0.122423939791E-07  0.344487809225E-15
 -0.317818070996E-09 -0.742376125242E-15 -0.144500003380E-16
  0.259344076630E-09  0.672009570735E-15 -0.207254368266E-15
 -0.551916130311E-08  0.205661711590E-16 -0.210088163576E-16
 -0.184344983119E-08 -0.632701871172E-18 -0.457904605365E-08
 -0.404313032489E-08 -0.196710774469E-08  0.104982222538E-15
  0.461182611076E-15 -0.197963479911E-14  0.518205915756E-08
  0.501897358526E-08  0.418180710059E-08 -0.108541558798E-15
 -0.112756272352E-15  0.486370404786E-15  0.130908993200E-08
  0.144878486137E-08  0.319926187040E-08 -0.939761824857E-17
  0.118234608066E-16 -0.506923433708E-16  0.416995906469E-11
  0.374481134436E-09  0.845859861249E-08  0.269550715838E-08
  0.917978293403E-09  0.629979851380E-09 -0.177403536330E-15
 -0.140066942546E-08 -0.756697468292E-09 -0.371253278504E-16
 -0.282401846241E-08 -0.164221926861E-08  0.214330666679E-16
  0.727756361353E-09 -0.171387758605E-10 -0.246391563781E-09
  0.886498480968E-09  0.117043111064E-15  0.670565852167E-16
  0.416962163141E-11  0.374481132965E-09  0.845859825206E-08
  0.269550710450E-08 -0.917978340846E-09  0.629979722814E-09
  0.716315180218E-16  0.140066937334E-08 -0.756697295065E-09
 -0.990728258005E-16  0.282401827584E-08 -0.164221914588E-08
  0.201681480424E-16  0.727756018680E-09 -0.171388096309E-10
 -0.246391465002E-09 -0.886498201898E-09 -0.105814443604E-15
  0.817302374109E-16  0.671836350076E-03   1.00260353758    
 -0.334209203006E-02  0.113390333321E-02  0.554127248331E-03
  0.452857323665E-12 -0.422408087993E-03  0.114381393543E-11
 -0.165675317044E-12  0.732422426317E-06 -0.163221872701E-12
  0.152375524588E-12 -0.246126067454E-04  0.191379772021E-12
 -0.309404657934E-13 -0.355817354635E-05 -0.247167890179E-13
  0.154029997786E-03 -0.662337845294E-04  0.160562114074E-03
  0.396787454128E-11  0.537026318632E-13  0.461454059124E-11
 -0.874739288581E-03 -0.908494626046E-03 -0.873739388071E-03
  0.616783164023E-12  0.418504997441E-14  0.717841557395E-12
 -0.323888858195E-03 -0.323389402766E-03 -0.323903267081E-03
  0.535090360916E-13  0.279447909919E-14  0.520845774635E-13
  
 -0.592520215196E-02  0.863975489583     -0.161368785529E-01
 -0.174952679044E-01 -0.332472089297E-02  0.126599396921E-08
  0.316904812599     -0.234431825197E-08  0.913003422119E-09
 -0.834149322532E-03  0.419056105981E-09 -0.304854529131E-08
 -0.125543370011E-01  0.579620466000E-09 -0.265428115810E-09
 -0.217975811280E-02  0.278795217044E-09  0.288159498747E-01
  0.175974178562E-01 -0.151186340627E-01  0.957500872936E-08
  0.103365015192E-13  0.140755287584E-08 -0.189392957575E-02
 -0.723265429654E-03 -0.541393783168E-02 -0.593055079877E-09
 -0.512599600630E-14 -0.207762853224E-08 -0.163090919756E-02
 -0.137368937116E-02 -0.137846578303E-02 -0.356089990872E-09
  0.105184247958E-15  0.158848374561E-08  0.434217718001    
 -0.771000867164E-02 -0.298172330542E-01 -0.153296173802E-01
 -0.222885430689E-01 -0.146088568802E-01 -0.806671237506E-10
 -0.176125296954E-01 -0.111106731855E-01  0.116004724024E-09
 -0.277432752750E-02 -0.165577974763E-02 -0.966177253775E-09
  0.337695117947E-02  0.269702251722E-03 -0.282227742963E-02
  0.741353568359E-02  0.951152159721E-10  0.690035594401E-09
  0.434217716383     -0.771000679682E-02 -0.298172422989E-01
 -0.153296180091E-01  0.222885418929E-01 -0.146088575052E-01
 -0.806677270586E-10  0.176125306288E-01 -0.111106722646E-01
  0.116005727793E-09  0.277432339102E-02 -0.165577819929E-02
 -0.966176719691E-09  0.337695295681E-02  0.269703614576E-03
 -0.282227612622E-02 -0.741353583700E-02 -0.951140960493E-10
  0.690035280636E-09 -0.128968287493E-09 -0.548761345444E-09
 -0.222461715566E-08  0.204594887583E-08  0.402442871471E-09
 -0.212520727404E-16  0.204492490174E-09 -0.123888223114E-17
  0.477108985676E-16 -0.458519565343E-09  0.272557802493E-17
 -0.330343062477E-16  0.317370588209E-09 -0.187313184162E-17
  0.112684853040E-16 -0.108208548569E-09  0.632134845350E-18
  0.497759088996E-09  0.523394952518E-09  0.497607379717E-09
 -0.560776620043E-17  0.241636546256E-22 -0.554497558271E-20
 -0.985113197536E-09 -0.100255467145E-08 -0.985010679315E-09
  0.382006470691E-17  0.525686031534E-23  0.327537488072E-20
 -0.469824277936E-09 -0.464309885406E-09 -0.469856715671E-09
 -0.120775379223E-17 -0.929926965729E-24 -0.103919287409E-20
  
 -0.142832318181E-08  0.174392557727E-08 -0.165150673505E-07
  0.951708507708E-08 -0.671851969621E-09  -1.34037735721    
 -0.178675380386E-07  0.128208764789E-13  0.809025429624E-02
 -0.100824233809E-07  0.204453554575E-14  0.277180122022E-01
 -0.112921006460E-08 -0.539324792361E-15  0.554975886831E-02
 -0.722306544900E-09  0.896870827461E-16  0.288681941046E-08
  0.660062611869E-08  0.946736973443E-08 -0.122735865261    
  0.181347110813E-08  0.171004935206E-14 -0.197041493614E-07
 -0.527600822217E-08 -0.282487430665E-08 -0.150714867190E-01
 -0.602314719109E-09 -0.441466394503E-15 -0.222497643610E-08
 -0.218682164163E-08 -0.173629013799E-08 -0.704800132490E-03
  0.405803150752E-08 -0.341277990183E-15 -0.656438315623    
  0.218762618760E-02  0.274732078468E-01  0.208097346111E-01
  0.169125025498E-01  0.215119107713E-01  0.200802925665E-08
  0.100058181259E-01  0.180833776535E-01 -0.246887411272E-08
  0.265116939453E-02  0.364944961502E-02 -0.281131029395E-09
  0.105273936665E-02 -0.316638991824E-02  0.257721719815E-02
 -0.803532944951E-02  0.372569570873E-08  0.927018446633E-09
  0.656438302528     -0.218761757560E-02 -0.274732006403E-01
 -0.208097339811E-01  0.169124978715E-01 -0.215119047367E-01
 -0.200802915918E-08  0.100058324524E-01 -0.180833936796E-01
  0.246887777716E-08  0.265116861999E-02 -0.364944944251E-02
  0.281132341366E-09 -0.105273576199E-02  0.316639826317E-02
 -0.257721858482E-02 -0.803534287507E-02  0.372569839287E-08
 -0.927021287757E-09 -0.688015402699E-16 -0.959903091040E-16
 -0.201163558916E-14  0.181968756653E-14  0.351337916652E-15
 -0.491947780694E-10  0.146340365710E-15 -0.246161096389E-21
 -0.123797221889E-08 -0.678188477359E-15 -0.297209854406E-20
  0.920053386693E-09  0.205716017431E-15  0.233015244507E-20
 -0.344976485202E-09 -0.632679702426E-16 -0.875927747954E-21
  0.483683112971E-15  0.620697178947E-15  0.423101611753E-15
  0.718736081904E-10 -0.631128431545E-20 -0.589491371122E-21
 -0.814262900684E-15 -0.936359546278E-15 -0.862756560908E-15
 -0.496071547480E-10  0.324284426728E-20  0.130240037756E-21
 -0.424644011910E-15 -0.442435462216E-15 -0.418640267272E-15
  0.170942214123E-10 -0.107012815941E-20 -0.872672657165E-23
  
 -0.327754222103E-02 -0.351429691388     -0.365653378437E-02
 -0.330842880281E-01 -0.154089258346E-01 -0.156131169934E-07
   1.42766595592      0.372630513740E-07 -0.472242954183E-09
 -0.116479814715E-01 -0.366486166771E-08 -0.792699827033E-08
 -0.141067896102E-01 -0.205938149103E-09  0.894160248562E-09
 -0.204141138882E-02 -0.381922002996E-09 -0.247622032783E-02
  0.410716499116E-01 -0.260310277956E-01 -0.146309750191E-07
 -0.400411010449E-14 -0.128544974290E-08 -0.126478274951E-01
  0.554320843563E-02 -0.500290859537E-02 -0.129382952237E-07
  0.233863186083E-14  0.179799409577E-08 -0.186578166125E-02
  0.931968119470E-03 -0.165703851488E-02 -0.702935366518E-09
  0.124641639424E-14 -0.344781876187E-08  0.368965675782    
  0.343799086673E-02 -0.827513910148E-02 -0.997906060574E-02
 -0.157349548697E-01  0.408093970231E-02 -0.357184127572E-09
 -0.189026637289E-01  0.340431851423E-02  0.126861032851E-08
 -0.460554146452E-02  0.307694062482E-02  0.147243753660E-08
  0.720681641950E-02 -0.315664354001E-02 -0.213909522736E-02
  0.230894908954E-02 -0.307752753612E-08 -0.213200703652E-08
  0.368965712726      0.343798688003E-02 -0.827515949512E-02
 -0.997906100921E-02  0.157349546378E-01  0.408093792818E-02
 -0.357183950491E-09  0.189026588010E-01  0.340432503882E-02
  0.126861279880E-08  0.460553102141E-02  0.307694216201E-02
  0.147243906862E-08  0.720681387016E-02 -0.315663880861E-02
 -0.213909204522E-02 -0.230894650658E-02  0.307753006859E-08
 -0.213200849263E-08 -0.601481442522E-08 -0.229915907678E-07
 -0.116269642695E-06  0.102276239634E-06  0.243570193455E-07
 -0.111618788793E-14 -0.107777042004E-06  0.143523793077E-15
 -0.264644017287E-15 -0.260011109182E-07  0.381630126362E-16
  0.203764185868E-15  0.200168614617E-07 -0.292798527432E-16
 -0.806250372316E-16 -0.792213215615E-08  0.115432725489E-16
  0.243701942927E-07  0.250521423245E-07  0.243663410057E-07
  0.141086243052E-16 -0.538935875354E-20 -0.247914825348E-18
 -0.499241239443E-07 -0.503885960226E-07 -0.499214709048E-07
 -0.971155930898E-17 -0.916565548155E-21  0.133626148126E-18
 -0.252825420619E-07 -0.251120566268E-07 -0.252834908022E-07
  0.350502949957E-17  0.179940506088E-21 -0.692430664880E-19
  
  0.402460181523E-15  0.155042142647E-14  0.574075018041E-14
 -0.919214146912E-14 -0.715753418254E-14  0.877329077697E-16
 -0.152006781228E-14 -0.212083944828E-09 -0.124755441126E-15
  0.169044379121E-15 -0.309973599451E-10  0.694621137689E-15
 -0.277713224607E-14  0.127766767131E-10  0.164549729791E-15
 -0.109079786019E-14 -0.234494021551E-10 -0.200183162594E-14
 -0.182175489432E-14 -0.865922833868E-15 -0.180199426150E-15
  0.592272560653E-16 -0.591386192703E-10  0.245142130440E-14
  0.236760157849E-14  0.199222633874E-14 -0.118591606334E-15
 -0.367270549506E-16  0.384522096194E-10  0.696555329732E-15
  0.747709160176E-15  0.163967253987E-14  0.151378236369E-15
  0.522807490802E-16 -0.248099755264E-10 -0.595099829038E-15
  0.107657678812E-15  0.367729762480E-14  0.154772085165E-14
  0.421747071277E-15  0.225908873991E-15  0.147413771419E-10
 -0.563508724859E-15 -0.184104096667E-15 -0.250637207349E-10
 -0.120380050794E-14 -0.665487965364E-15  0.262554462459E-10
  0.327001245628E-15  0.340703553789E-16 -0.115942208839E-15
  0.354464802170E-15 -0.487116489211E-11  0.130610063421E-11
 -0.785076722242E-16  0.159543073278E-15  0.527418801881E-14
  0.185332880851E-14 -0.427499622016E-15  0.322558614311E-15
  0.147414966459E-10  0.689170776235E-15 -0.513399987437E-15
 -0.250638889341E-10  0.175817765055E-14 -0.101968995014E-14
  0.262557015942E-10  0.269647395167E-15 -0.126078485472E-15
 -0.189927982028E-15 -0.427058624800E-15  0.487145185019E-11
  0.130636323453E-11 -0.815348914356E-12 -0.678104874021E-11
 -0.154511508783E-10  0.128917221940E-10  0.391378361637E-11
 -0.816726945872E-08 -0.179615596932E-07  -1.72982858717    
  0.472684975714E-11  0.119216694169E-10  0.992140792223E-03
  0.340955477679E-11  0.631166006051E-11  0.728369925264E-03
 -0.361612720871E-11 -0.753659861650E-11 -0.767785442352E-03
  0.257857522567E-11  0.504302163249E-11  0.197464183833E-11
  0.110319177952E-11 -0.207939744645E-12  0.232597428283E-03
 -0.636321841295E-11 -0.695522835668E-11 -0.620683035660E-11
 -0.252697041569E-12  0.728013583853E-13 -0.535444568377E-04
 -0.355287053659E-11 -0.265545515188E-11 -0.380688888108E-11
  0.399788276085E-12 -0.110414608849E-12  0.844949425885E-04
  
  0.426789597787E-15  0.215941728261E-14  0.644778200926E-14
 -0.805014443940E-14 -0.713901558913E-14  0.624694729485E-08
 -0.316724910832E-14 -0.185530362911E-15  0.747125813995E-09
  0.854964194932E-15  0.614599882220E-16  0.497755153033E-07
 -0.245109777651E-14 -0.193482941868E-15  0.163339444802E-07
 -0.969703752453E-15 -0.620359271865E-17 -0.160899279795E-14
 -0.222820483659E-14 -0.110485922640E-14  0.134946414185E-07
  0.731399611477E-15  0.648131856313E-16  0.271389200510E-14
  0.284250967356E-14  0.219067867104E-14  0.111159948649E-08
 -0.719399816862E-15  0.259864147022E-15  0.103552820017E-14
  0.904946988971E-15  0.179677244760E-14  0.216581130268E-07
  0.377126433886E-15 -0.125641622338E-15 -0.854684089043E-08
 -0.716467217042E-08 -0.523855984550E-07 -0.230247046890E-07
 -0.345666563286E-08 -0.181845399352E-08 -0.843902995956E-16
  0.750056985570E-08  0.531167584518E-08  0.328633446502E-15
  0.197678036264E-07  0.174139783328E-07 -0.127222149537E-15
 -0.665935688395E-08 -0.609565979241E-08 -0.362543815698E-08
 -0.936178768002E-08 -0.364734846527E-15 -0.359835606147E-15
  0.854683963518E-08  0.716467210884E-08  0.523856062883E-07
  0.230247078861E-07 -0.345666664082E-08  0.181845409248E-08
 -0.579853509078E-16  0.750057091511E-08 -0.531167588466E-08
  0.210540700441E-15  0.197678057442E-07 -0.174139795610E-07
  0.250150600381E-15  0.665935686175E-08  0.609565940694E-08
  0.362543793794E-08 -0.936178774165E-08  0.203665902883E-15
 -0.559730985083E-16 -0.833545781253E-12 -0.707991264376E-11
 -0.156813244805E-10  0.130571487531E-10  0.400757986031E-11
  -1.72982254982     -0.159445424020E-07  0.816719196634E-08
  0.992482408465E-03  0.107671477070E-10 -0.464294740988E-11
  0.727942356719E-03  0.546032128162E-11 -0.346618955860E-11
 -0.768340022285E-03 -0.664701218930E-11  0.363661148222E-11
  0.237462862085E-11  0.477579022523E-11  0.258383698598E-11
  0.232931275022E-03 -0.590870054609E-12 -0.109548172441E-11
 -0.638553294930E-11 -0.697337997733E-11 -0.644724594140E-11
 -0.537617057991E-04  0.162270880409E-12  0.254013868174E-12
 -0.373115947971E-11 -0.281935622773E-11 -0.361674298193E-11
  0.846256159740E-04 -0.251145007328E-12 -0.398696947544E-12
  
  0.445172946367E-07  0.171488403934E-06  0.635287531465E-06
 -0.101575001801E-05 -0.791418925953E-06  0.242579580052E-14
 -0.168580668610E-06  0.269340009958E-13 -0.196357993853E-14
  0.181809133367E-07  0.221584240406E-15  0.172412030705E-14
 -0.306422828341E-06 -0.560495977296E-15 -0.140040651368E-14
 -0.120446554112E-06 -0.217559410630E-16 -0.221372312622E-06
 -0.201385166565E-06 -0.960157204124E-07  0.177506319495E-14
 -0.268221211339E-15 -0.989919961027E-15  0.271084754358E-06
  0.261798602628E-06  0.220659572583E-06  0.175266004476E-14
  0.101647951669E-15  0.187451400608E-14  0.773471806248E-07
  0.830803253399E-07  0.181465823077E-06  0.517466685211E-15
  0.467311207407E-17 -0.108953253418E-14 -0.367924350349E-07
  0.149280636657E-07  0.493557706042E-06  0.188134888236E-06
  0.469523966239E-07  0.302992717194E-07  0.507227592064E-15
 -0.693140831465E-07 -0.386040510084E-07  0.119534915644E-15
 -0.163476537770E-06 -0.931072573925E-07  0.719920916044E-15
  0.332456444716E-07 -0.481284841519E-08 -0.167299981662E-07
  0.433596659661E-07 -0.546161107356E-15  0.635844588379E-16
 -0.367924435210E-07  0.149280661180E-07  0.493557707227E-06
  0.188134884461E-06 -0.469523972345E-07  0.302992733786E-07
  0.926863869759E-15  0.693140835831E-07 -0.386040529315E-07
  0.146227931761E-15  0.163476537686E-06 -0.931072557794E-07
  0.728399463186E-15  0.332456435283E-07 -0.481284959268E-08
 -0.167299980848E-07 -0.433596649405E-07  0.552591825664E-15
  0.533925179595E-16 -0.141338031778E-04 -0.544212303867E-03
 -0.240686478579E-03  0.114243749313E-03  0.143939980423E-03
  0.159401664623E-07  -1.72961818304      0.179568853666E-07
 -0.763365941850E-11  0.100387518578E-02 -0.880310105204E-11
 -0.782640009547E-11  0.713692784196E-03 -0.866055254541E-11
  0.768947379588E-11 -0.787149756579E-03  0.860785187075E-11
 -0.393837203164E-04  0.199741820150E-03 -0.395533960574E-04
 -0.238346985345E-11  0.250584464312E-14 -0.304203038815E-11
 -0.621009828226E-04 -0.119826652813E-03 -0.619937979656E-04
  0.579780463916E-12  0.132714939672E-14  0.729661317488E-12
 -0.795657674689E-04  0.743443096879E-05 -0.796305547803E-04
 -0.899479006763E-12  0.229878212661E-15 -0.114004882332E-11
  
 -0.720306081428E-09 -0.158019843962E-07 -0.720231767410E-08
  0.289475957607E-07  0.487961930433E-08 -0.276294388052E-13
  0.357369100941E-07  -1.62422627695     -0.743964727536E-16
 -0.273566816019E-08  0.687132952834E-03  0.112651440477E-14
  0.134928631190E-07  0.115291007329E-02 -0.291282688425E-15
  0.118765889560E-08 -0.193015895929E-02  0.569695053444E-08
  0.514674839042E-08 -0.111331595671E-08 -0.659887697016E-14
  0.743306680490E-08 -0.638509928315E-01 -0.604006873275E-08
 -0.427690414064E-08 -0.878262947416E-09 -0.544913976496E-15
  0.109582699044E-07 -0.131379875524E-01  0.671694697447E-08
  0.346249358905E-08 -0.298317569636E-08  0.847400035326E-15
  0.323007807788E-09 -0.431061488443E-02  0.526281674571E-08
 -0.479324969398E-08 -0.139320411309E-07 -0.101678684566E-08
 -0.263420017813E-08 -0.227359557368E-08 -0.175996046876E-01
  0.309314474019E-08  0.319674961449E-08 -0.210313950903E-01
  0.434958835659E-08  0.281533274430E-08 -0.684329093043E-02
 -0.304145836791E-08 -0.324112960921E-08 -0.374034653929E-08
  0.187870812225E-08  0.123778647589E-01  0.877436210261E-02
  0.526285035495E-08 -0.479324834507E-08 -0.139320490144E-07
 -0.101679068373E-08  0.263420001809E-08 -0.227359575471E-08
 -0.175996063867E-01 -0.309314491838E-08  0.319674915743E-08
 -0.210313929820E-01 -0.434959218000E-08  0.281533445919E-08
 -0.684328710088E-02 -0.304145780635E-08 -0.324112688555E-08
 -0.374034409921E-08 -0.187870535799E-08 -0.123778534994E-01
  0.877435704710E-02  0.147281801929E-14  0.591559835512E-14
  0.310739882498E-13 -0.268991865388E-13 -0.668881347184E-14
  0.552334063093E-19 -0.394099976731E-13  0.386529238067E-09
 -0.415421209176E-19  0.709464103440E-14 -0.754324429357E-10
  0.609535712722E-20 -0.545138255610E-14  0.582526590572E-10
 -0.187997799823E-20  0.214782215132E-14 -0.234248634946E-10
 -0.642612558786E-14 -0.638551038640E-14 -0.641858811863E-14
 -0.116041988968E-18 -0.103598241830E-17  0.176231791261E-12
  0.131570577798E-13  0.131949810389E-13  0.131536031766E-13
  0.247025400530E-19  0.220342335684E-18 -0.144478092591E-12
  0.676421671695E-14  0.675299734136E-14  0.678939981842E-14
 -0.187986723448E-20 -0.167146323510E-19  0.397318997909E-13
    10   108
   1.00000000000       1.00000000000       1.00000000000    
   1.00000000000       1.00000000000       1.00000000000    
  0.856621229256      0.716654615092      0.713410293218    
  0.713313862634    
  
 -0.404187688945E-10 -0.135138748097E-09 -0.161882363678E-09
  0.311105723884E-09  0.129543494723E-09 -0.172929277220E-16
  0.937756771817E-11  0.292183742785E-16 -0.210089837246E-15
 -0.151205169334E-11 -0.789675923647E-16 -0.512150547102E-15
  0.708766338819E-10  0.176551123699E-16  0.829699972967E-17
  0.189865683791E-10 -0.437224943803E-17  0.119648470633E-09
  0.109025788202E-09  0.539155632371E-10  0.262470977082E-14
 -0.904091601448E-18 -0.502478031441E-18 -0.972456720128E-10
 -0.948872957891E-10 -0.754909190271E-10 -0.438597526641E-15
  0.468699089928E-18  0.329264910779E-19 -0.200129878351E-10
 -0.219800720309E-10 -0.449262302493E-10 -0.217834225216E-15
 -0.162257341786E-18  0.107523392388E-18  0.246869885196E-11
 -0.733200391062E-11 -0.103021337644E-09 -0.259003334754E-10
 -0.208541697876E-10 -0.165628076925E-10  0.178878391337E-18
  0.230358600144E-10  0.136959565234E-10 -0.164396981017E-18
  0.337719068313E-10  0.198641396441E-10  0.364267897078E-19
 -0.130875940395E-10 -0.147394752490E-11  0.267126163411E-11
 -0.170402353284E-10  0.716263660094E-19 -0.207341372303E-18
  0.243303006355E-11 -0.732533551488E-11 -0.103017164546E-09
 -0.258991083014E-10  0.208567953961E-10 -0.165646714240E-10
  0.594748578446E-18 -0.230369184333E-10  0.136967101920E-10
  0.263040301273E-18 -0.337719759227E-10  0.198642168536E-10
 -0.225226798102E-18 -0.130901472287E-10 -0.147627498996E-11
  0.266895595333E-11  0.170404741304E-10 -0.185763948116E-18
  0.362862932992E-19  -1.00070408763     -0.914464915793E-03
  0.137562185865E-02  0.270556143277E-03  0.393636704588E-04
 -0.608525506337E-15  0.705469627980E-05 -0.123007694549E-13
  0.280960283011E-16 -0.293190935567E-05  0.488866112625E-14
  0.743054933122E-16 -0.899192203707E-07  0.223555532343E-15
 -0.436657279556E-17 -0.678745884850E-07  0.107902648873E-15
 -0.280849214691E-02 -0.281021053069E-02 -0.280844128659E-02
  0.327047936996E-13 -0.513827235411E-16  0.381516852980E-13
 -0.368224701075E-03 -0.367918873144E-03 -0.368233753779E-03
 -0.582975205658E-14  0.463948420239E-17 -0.679885018418E-14
 -0.434153424317E-04 -0.434399295085E-04 -0.434146146460E-04
  0.468164183392E-15 -0.226473774663E-18  0.546053073845E-15
  
  -1.00014590082     -0.380974129154E-03  0.894615697016E-03
 -0.544315671865E-03 -0.590207884270E-04 -0.254074738978E-09
 -0.692271005469E-02  0.145483575039E-09  0.151843518110E-09
  0.345372944954E-02 -0.561507648659E-10 -0.329727383366E-11
 -0.102819510939E-04 -0.432092112106E-11  0.141529087160E-11
  0.233532972979E-04 -0.119832474327E-11 -0.256251292821E-02
 -0.187116928619E-02 -0.213810420349E-03  0.174456805065E-10
 -0.137273850820E-15  0.700295210603E-11  0.926385353063E-03
  0.734736827335E-03 -0.299897449093E-04  0.284080549450E-10
  0.131111196634E-16 -0.364990443822E-11 -0.171295761260E-03
 -0.111888081222E-03 -0.280333156957E-04 -0.511901350243E-11
 -0.109421563620E-18  0.278072292956E-12 -0.100056462097E-03
 -0.312988346823E-03  0.433233918896E-03  0.139686084486E-04
 -0.108423442302E-03 -0.717421957552E-04 -0.175173695703E-12
  0.593281990868E-03  0.376675853981E-03  0.120817063601E-11
 -0.956344613205E-04 -0.747639021357E-04 -0.210700427353E-12
 -0.322060411599E-03 -0.105249708871E-03 -0.193856303281E-04
 -0.354220743091E-03 -0.208750029977E-11 -0.151600057678E-11
 -0.100056447754E-03 -0.312988328996E-03  0.433233894456E-03
  0.139686080705E-04  0.108423437711E-03 -0.717421852610E-04
 -0.175175268078E-12 -0.593281948701E-03  0.376675814114E-03
  0.120817203295E-11  0.956344558002E-04 -0.747638983574E-04
 -0.210699939391E-12 -0.322060395261E-03 -0.105249687274E-03
 -0.193856307334E-04  0.354220701204E-03  0.208750346387E-11
 -0.151600536374E-11  0.962236283588E-10  0.311531168284E-09
  0.563840595536E-09 -0.660879366366E-09 -0.775011198452E-10
 -0.585436702487E-19 -0.110307353872E-09 -0.820857572733E-20
  0.875279328677E-19  0.164923450069E-09  0.122616343930E-19
 -0.412612780554E-19 -0.777552189807E-10 -0.576886865978E-20
  0.111447106777E-19  0.210041401130E-10  0.155520581654E-20
 -0.207252459228E-09 -0.210383507892E-09 -0.207233916209E-09
 -0.315675635583E-20  0.595942382242E-23  0.323330631221E-22
  0.335987322797E-09  0.337658400120E-09  0.335977420858E-09
  0.168678570157E-20 -0.245574363205E-24 -0.153844860422E-22
  0.119042411886E-09  0.118685236886E-09  0.119044529601E-09
 -0.360847165240E-21 -0.161858984850E-25  0.277803866773E-23
  
  0.121126783137E-08  0.455631928454E-08  0.151699927653E-07
 -0.251391431960E-07 -0.160736006933E-07  0.282723328178E-15
 -0.287317344317E-09 -0.121864445697E-15  0.156788579566E-15
  0.351234733701E-09 -0.271991002357E-16 -0.800470754911E-17
 -0.721140155281E-08 -0.147106091264E-16 -0.209991503163E-16
 -0.242531925324E-08  0.319772204029E-17 -0.590700468403E-08
 -0.522198547072E-08 -0.254829918059E-08  0.348179440689E-15
 -0.842483800206E-16  0.288016346752E-15  0.672756047445E-08
  0.651779614809E-08  0.542299166675E-08  0.247698958338E-15
 -0.356030403624E-16 -0.162023247317E-15  0.170301457106E-08
  0.188224523247E-08  0.417008264988E-08 -0.178083157425E-16
  0.137536103856E-17 -0.199654827281E-16  0.156970677105E-09
  0.475791132236E-09  0.110645448746E-07  0.354154520311E-08
  0.117907546725E-08  0.809181296120E-09 -0.211059925784E-15
 -0.182294236427E-08 -0.985170856022E-09  0.849324889861E-16
 -0.369509034131E-08 -0.214455691249E-08  0.231423051343E-16
  0.935977590005E-09 -0.334079757131E-10 -0.330250749335E-09
  0.114708792516E-08 -0.288117693500E-17  0.103055823183E-16
  0.156970194626E-09  0.475791238853E-09  0.110645449142E-07
  0.354154515280E-08 -0.117907540299E-08  0.809181791864E-09
 -0.148293806458E-15  0.182294271092E-08 -0.985171023414E-09
  0.614145519617E-16  0.369509035661E-08 -0.214455687455E-08
  0.187050254323E-17  0.935977799958E-09 -0.334079958604E-10
 -0.330250837861E-09 -0.114708809979E-08  0.510540450620E-17
  0.235026534218E-17 -0.999219308097E-03  0.986194156358    
 -0.263124798440E-02  0.300865885511E-02  0.127910431148E-02
  0.507658750606E-12 -0.448006470599E-03  0.124213081230E-11
 -0.186931203116E-12  0.111188391767E-05 -0.186518142053E-12
  0.167871411197E-12 -0.251878888959E-04  0.208056737143E-12
 -0.356197352998E-13 -0.440584580375E-05 -0.280359587394E-13
  0.474814524732E-03  0.474067578733E-03  0.474840531612E-03
  0.159674586004E-13 -0.973140084045E-15  0.149997412840E-13
  0.118945238497E-02  0.117687410050E-02  0.118982412415E-02
  0.227018362722E-12 -0.167035666187E-14  0.265556648460E-12
  0.129371933029E-03  0.134022433384E-03  0.129234475261E-03
 -0.172248875738E-13  0.195715297796E-14 -0.308858648873E-13
  
 -0.617254977843E-02  0.860031977337     -0.163360341143E-01
 -0.178527183909E-01 -0.332390494946E-02  0.145445433447E-08
  0.317501596426     -0.264988486218E-08  0.889371349156E-09
 -0.135980826640E-02  0.404082344357E-09 -0.303881077132E-08
 -0.129035664485E-01  0.592981898387E-09 -0.264107160245E-09
 -0.219273465427E-02  0.285492458172E-09  0.307825200143E-01
  0.196624099010E-01 -0.195021644508E-01  0.947015539022E-08
  0.101948233351E-13  0.172280277311E-08 -0.151784239439E-02
 -0.465731105044E-03 -0.595087299633E-02 -0.686111953260E-09
 -0.473948961132E-14 -0.209024753726E-08 -0.156147033030E-02
 -0.135703253623E-02 -0.140129015496E-02 -0.331667268729E-09
  0.743403662450E-16  0.162924148613E-08  0.437524756976    
 -0.737972166768E-02 -0.297516470177E-01 -0.154294144164E-01
 -0.222433005869E-01 -0.146764543409E-01 -0.847920376470E-10
 -0.180878373725E-01 -0.112260379267E-01  0.128004606054E-09
 -0.286903515845E-02 -0.167932548393E-02 -0.987295260235E-09
  0.364337076619E-02  0.315288276768E-03 -0.287277107394E-02
  0.744140967252E-02  0.846461000433E-10  0.702029232020E-09
  0.437524755396     -0.737971978425E-02 -0.297516563122E-01
 -0.154294150471E-01  0.222432994071E-01 -0.146764549455E-01
 -0.847927717448E-10  0.180878382746E-01 -0.112260369899E-01
  0.128005472562E-09  0.286903097808E-02 -0.167932393509E-02
 -0.987294771297E-09  0.364337251597E-02  0.315289694402E-03
 -0.287276970053E-02 -0.744140980651E-02 -0.846449981194E-10
  0.702028973792E-09 -0.140694958861E-09 -0.100225938059E-08
 -0.243689297234E-08  0.224013698298E-08  0.440877205040E-09
 -0.219648581823E-16  0.226516036842E-09 -0.132471411126E-17
  0.488627043714E-16 -0.503013449309E-09  0.289325697995E-17
 -0.338623712486E-16  0.348511679735E-09 -0.199053075302E-17
  0.115658599029E-16 -0.118982488215E-09  0.672733850744E-18
  0.544894892551E-09  0.572631626988E-09  0.544730345661E-09
 -0.563478132388E-17  0.388153351071E-22 -0.531739690523E-20
 -0.108010857234E-08 -0.109902139264E-08 -0.107999733417E-08
  0.384388090433E-17  0.820924742761E-23  0.343441953957E-20
 -0.515143404181E-09 -0.509169067179E-09 -0.515178501897E-09
 -0.121452160323E-17 -0.194332911264E-23 -0.108466082438E-20
  
  0.140213429008E-08 -0.173134445380E-08  0.163060889269E-07
 -0.939547625104E-08  0.689018202293E-09   1.33429369252    
  0.171451514278E-07 -0.164686242762E-13 -0.977402140627E-02
  0.971371876350E-08 -0.920198543693E-15 -0.292888930157E-01
  0.120363225463E-08  0.411301054639E-15 -0.557529822350E-02
  0.737141888824E-09 -0.114778323612E-15 -0.285868453772E-08
 -0.649599560767E-08 -0.925553709558E-08  0.123438044627    
 -0.202517194416E-08 -0.129303590007E-14  0.193567914593E-07
  0.512432108471E-08  0.283376777892E-08  0.126095765278E-01
  0.602788393311E-09  0.671270965230E-15  0.222797556450E-08
  0.221564514595E-08  0.173508918063E-08  0.970225763137E-04
 -0.413135271725E-08  0.135235633491E-15  0.658837986092    
 -0.834469914328E-03 -0.262067212851E-01 -0.207676956769E-01
 -0.168632166325E-01 -0.213240923717E-01 -0.204280856238E-08
 -0.110497756342E-01 -0.191348072501E-01  0.252521196343E-08
 -0.293506884544E-02 -0.393321180103E-02  0.285965888127E-09
 -0.645642202230E-03  0.366432603085E-02 -0.261089200116E-02
  0.871220591904E-02 -0.378876515251E-08 -0.952573390672E-09
 -0.658837973679      0.834461541604E-03  0.262067139726E-01
  0.207676950688E-01 -0.168632120212E-01  0.213240864849E-01
  0.204280608817E-08 -0.110497896824E-01  0.191348229107E-01
 -0.252521488048E-08 -0.293506808117E-02  0.393321160204E-02
 -0.285967134118E-09  0.645638766737E-03 -0.366433417568E-02
  0.261089331430E-02  0.871221898456E-02 -0.378876772561E-08
  0.952576011730E-09  0.810263708557E-16  0.188829930430E-15
  0.509252675234E-14 -0.429887639979E-14 -0.858215288682E-15
 -0.110385089357E-09 -0.120839308392E-15 -0.646053457722E-21
  0.130209508505E-08  0.703449482062E-15  0.323762235766E-20
 -0.966820968168E-09 -0.263654734021E-15 -0.232598044755E-20
  0.363749124736E-09  0.973956587174E-16  0.873633110245E-21
 -0.176339873847E-14 -0.195929674690E-14 -0.131856507065E-14
 -0.752249016991E-10  0.442887099387E-20  0.171630050255E-22
  0.234750976176E-14  0.222697656363E-14  0.230690148356E-14
  0.520314567920E-10 -0.294177653229E-20 -0.800763294066E-23
  0.952108070173E-15  0.941810759875E-15  0.945316732550E-15
 -0.178883481704E-10  0.107483353202E-20 -0.459919779449E-24
  
  0.320950166076E-02  0.352806997245      0.394713618469E-02
  0.347090209371E-01  0.160504640000E-01  0.148486676952E-07
  -1.42157420999     -0.390434190650E-07  0.560974862108E-09
  0.127351373596E-01  0.373338156426E-08  0.777454397703E-08
  0.150388290123E-01  0.221889494032E-09 -0.920102104966E-09
  0.195909050831E-02  0.383957304392E-09  0.320740935613E-02
 -0.404312546026E-01  0.241678959229E-01  0.143239033538E-07
  0.389736623815E-14  0.159054659496E-08  0.134330785178E-01
 -0.422993631638E-02  0.447200691091E-02  0.127616883997E-07
 -0.204851099505E-14 -0.179109052282E-08  0.200630036246E-02
 -0.568746312007E-03  0.153834318211E-02  0.620186983667E-09
 -0.113426074808E-14  0.354937194865E-08 -0.369105663591    
 -0.437108593486E-02  0.724552711461E-02  0.985568968693E-02
  0.152573316860E-01 -0.413163045587E-02  0.358304123450E-09
  0.201646137494E-01 -0.320927107863E-02 -0.133129116701E-08
  0.490849314683E-02 -0.309052255411E-02 -0.151608618301E-08
 -0.802373733949E-02  0.303144012935E-02  0.218773847136E-02
 -0.246122319474E-02  0.318308513687E-08  0.216686963976E-08
 -0.369105699672     -0.437108213015E-02  0.724554723382E-02
  0.985569001699E-02 -0.152573314295E-01 -0.413162867001E-02
  0.358303971618E-09 -0.201646089167E-01 -0.320927758571E-02
 -0.133129352180E-08 -0.490848270157E-02 -0.309052403256E-02
 -0.151608753141E-08 -0.802373478830E-02  0.303143540615E-02
  0.218773521362E-02  0.246122061665E-02 -0.318308734043E-08
  0.216687084274E-08  0.627878788945E-08  0.241254659576E-07
  0.121518549300E-06 -0.106844429778E-06 -0.254935721820E-07
  0.366653963590E-15  0.356972901855E-07 -0.498903819692E-16
  0.279652232258E-15  0.272366772842E-07 -0.397662019489E-16
 -0.213104453543E-15 -0.207560347298E-07  0.302282201146E-16
  0.853733687427E-16  0.831529012233E-08 -0.120516735597E-16
 -0.254480078676E-07 -0.261472378410E-07 -0.254440245013E-07
 -0.146888489159E-16  0.506850558893E-20  0.211039320911E-18
  0.521723972367E-07  0.526547317628E-07  0.521696310635E-07
  0.101697510385E-16  0.904021523483E-21 -0.134379708002E-18
  0.264412135416E-07  0.262673426548E-07  0.264421993472E-07
 -0.363696119802E-17 -0.154796312796E-21  0.583193284815E-19
  
 -0.733229724377E-09 -0.166701211783E-07 -0.732741694459E-08
  0.295517591111E-07  0.490146537453E-08 -0.300151769861E-13
  0.370217102209E-07  -1.61013343439     -0.154677116456E-14
 -0.298509559990E-08  0.123060802002E-02  0.908447768508E-14
  0.138086955198E-07  0.829918670573E-03  0.949493459428E-15
  0.121851978026E-08 -0.259871133433E-02  0.579593348401E-08
  0.523678098852E-08 -0.104277674065E-08 -0.273405131023E-14
  0.697060125992E-08 -0.637994823931E-01 -0.629437497804E-08
 -0.449309331945E-08 -0.767281185186E-09 -0.194969363948E-14
  0.109796141266E-07 -0.117545548859E-01  0.693946663762E-08
  0.357163775326E-08 -0.302264174857E-08  0.350854355595E-14
  0.268534664810E-09 -0.405064743283E-02  0.557342617267E-08
 -0.483528789397E-08 -0.142438481577E-07 -0.102135217048E-08
 -0.264604007070E-08 -0.232087613419E-08 -0.174010729206E-01
  0.302255131504E-08  0.324445342967E-08 -0.220447480187E-01
  0.447438868199E-08  0.290419203324E-08 -0.726287193034E-02
 -0.304478554854E-08 -0.332451520326E-08 -0.387057753095E-08
  0.196877151359E-08  0.134076664106E-01  0.928757243448E-02
  0.557344422007E-08 -0.483528421791E-08 -0.142438352345E-07
 -0.102135333991E-08  0.264603987719E-08 -0.232087718241E-08
 -0.174010745267E-01 -0.302255038236E-08  0.324445213396E-08
 -0.220447460067E-01 -0.447438601644E-08  0.290418891353E-08
 -0.726286805603E-02 -0.304478644827E-08 -0.332451385363E-08
 -0.387057666292E-08 -0.196876988313E-08 -0.134076549572E-01
  0.928756747345E-02  0.136976367758E-14  0.570193140763E-14
  0.305051959279E-13 -0.263093292098E-13 -0.662030523109E-14
 -0.126255481682E-15  0.253460045246E-12 -0.150464292073E-07
 -0.112480450401E-17  0.615975961575E-14 -0.859993251163E-10
 -0.222922590159E-18 -0.435072884922E-14  0.235455352820E-10
 -0.260832028757E-18  0.260549111080E-14 -0.529340904384E-10
 -0.621309087400E-14 -0.706332635773E-14 -0.603243905844E-14
  0.304356354945E-17  0.185613660457E-18  0.261408546213E-11
  0.129452754306E-13  0.132900861434E-13  0.128046730259E-13
 -0.645659046690E-18 -0.387620861488E-19 -0.793949797333E-12
  0.665414037742E-14  0.658415566082E-14  0.664422617735E-14
  0.555927372147E-19  0.186754413257E-20  0.902675005598E-12
  
  0.579659798591E-07  0.195624483519E-06  0.842155161118E-06
 -0.134169060268E-05 -0.107395392026E-05  0.260604513263E-14
 -0.143359235832E-06 -0.254677609433E-12 -0.295965467070E-14
  0.234696874548E-07  0.201220894290E-15  0.205017202361E-14
 -0.407083501271E-06 -0.517271131566E-15 -0.207727034648E-14
 -0.163497794189E-06 -0.421930283603E-15 -0.290034797177E-06
 -0.261965344571E-06 -0.128096056637E-06  0.340588691080E-14
  0.327015747174E-15 -0.126146794000E-13  0.357212852511E-06
  0.346329203071E-06  0.291377756891E-06  0.870976575938E-15
 -0.249310815662E-15 -0.303989404041E-16  0.103928290724E-06
  0.111362115737E-06  0.241740641953E-06  0.843207489746E-15
 -0.320885567167E-16 -0.220798027561E-14 -0.227502315205E-07
  0.190279386978E-07  0.657402225222E-06  0.257478140083E-06
  0.608249323507E-07  0.401582803273E-07 -0.336509381132E-14
 -0.916811662183E-07 -0.503600355608E-07 -0.351843464906E-14
 -0.218073524349E-06 -0.123333524940E-06 -0.344169421518E-15
  0.436629920071E-07 -0.703528323464E-08 -0.227566438480E-07
  0.570155718468E-07  0.113754047540E-14  0.136221835235E-14
 -0.227502394396E-07  0.190279412487E-07  0.657402225324E-06
  0.257478134165E-06 -0.608249316859E-07  0.401582827232E-07
 -0.208487010946E-14  0.916811663723E-07 -0.503600385575E-07
 -0.361519878585E-14  0.218073523498E-06 -0.123333522359E-06
 -0.447214933941E-15  0.436629903717E-07 -0.703528397204E-08
 -0.227566426048E-07 -0.570155703542E-07 -0.125833893965E-14
  0.159822640897E-14 -0.160240196732E-04 -0.592690167201E-03
 -0.316588356689E-03  0.153880188134E-03  0.182786943227E-03
  0.152248846125E-07  -1.68590953903      0.172360332784E-07
  0.793414721919E-11 -0.657407444030E-03  0.872021245591E-11
  0.375138189629E-10 -0.432573284250E-02  0.426718296178E-10
  0.286116474020E-10 -0.310528839988E-02  0.323164615523E-10
 -0.382873509846E-04  0.234582867462E-03 -0.384770276680E-04
 -0.268627411718E-11  0.260280387000E-14 -0.344604064379E-11
 -0.872585606368E-04 -0.162286134293E-03 -0.871332778659E-04
  0.742125512323E-12  0.121313517887E-14  0.942373675510E-12
 -0.102754177729E-03 -0.586340975439E-05 -0.102827037667E-03
 -0.982978652837E-12  0.268442476100E-15 -0.125357218568E-11
  
  0.550175793787E-15  0.236195270049E-14  0.852491183497E-14
 -0.103064372193E-13 -0.949921363395E-14  0.924113499599E-08
 -0.256138694973E-14  0.132863977045E-15  0.903952220055E-09
  0.119635679319E-14 -0.849514098722E-16  0.657796371400E-07
 -0.315722554771E-14  0.753558454469E-16  0.221510736893E-07
 -0.127258672878E-14 -0.464638229837E-16 -0.203055052134E-14
 -0.288314723286E-14 -0.151005586465E-14  0.177046766641E-07
  0.821081848208E-15 -0.241126174411E-16  0.356751364020E-14
  0.377502057793E-14  0.287851257569E-14  0.128822329508E-08
 -0.199670663652E-15  0.389330066369E-15  0.141463326318E-14
  0.121813212512E-14  0.237411579477E-14  0.286933586970E-07
  0.478137629010E-15 -0.230940167080E-16 -0.113951659744E-07
 -0.940830398986E-08 -0.695907991753E-07 -0.315821400263E-07
 -0.452914710854E-08 -0.238541010392E-08  0.532637358849E-16
  0.977287785854E-08  0.688466748619E-08 -0.623019698748E-16
  0.262700000859E-07  0.231565264192E-07 -0.142101135837E-15
 -0.871721371032E-08 -0.796665835723E-08 -0.474881277778E-08
 -0.122622107841E-07  0.569235645885E-16  0.786078439171E-15
  0.113951653077E-07  0.940830384999E-08  0.695908092329E-07
  0.315821442596E-07 -0.452914839135E-08  0.238541018794E-08
  0.427029372900E-16  0.977287922534E-08 -0.688466743381E-08
 -0.131924494263E-15  0.262700027350E-07 -0.231565279317E-07
  0.257005099423E-15  0.871721359364E-08  0.796665778977E-08
  0.474881249442E-08 -0.122622107507E-07  0.117924686005E-15
 -0.391128639201E-15 -0.101267701156E-11 -0.806527281524E-11
 -0.196874488760E-10  0.162767866862E-10  0.509723626488E-11
  -1.68594949657     -0.152289337484E-07  0.349844079809E-08
 -0.670871525379E-03 -0.405932950913E-11  0.144232745097E-11
 -0.433630025526E-02 -0.407218053729E-10  0.896154892080E-11
 -0.309396464218E-02 -0.273777657964E-10  0.643284643249E-11
  0.303713342885E-11  0.574811665403E-11  0.329646022277E-11
  0.266011402625E-03 -0.691683071470E-12 -0.546985649042E-12
 -0.800588868642E-11 -0.876081105666E-11 -0.808887199682E-11
 -0.704834171893E-04  0.209103878166E-12  0.146794382361E-12
 -0.467885788431E-11 -0.368186184995E-11 -0.455240744693E-11
  0.942617062043E-04 -0.278557075697E-12 -0.195026911051E-12
  
  0.525907407308E-15  0.190386663484E-14  0.760732009576E-14
 -0.123017353523E-13 -0.966918892896E-14  0.880964108728E-16
 -0.161241280438E-14  0.145580810592E-07  0.161158821194E-15
  0.243610503963E-15 -0.511679153449E-10  0.237595976296E-17
 -0.378250258398E-14  0.934891249424E-11  0.220163446729E-16
 -0.147834897630E-14 -0.732976445671E-11 -0.265174641625E-14
 -0.239574317259E-14 -0.113514664337E-14  0.412281338273E-16
  0.116835526730E-14  0.512229801879E-09  0.325819379378E-14
  0.314441886738E-14  0.261351494951E-14  0.155384075107E-15
 -0.447168000647E-16  0.157667395293E-09  0.863555677015E-15
  0.960252411717E-15  0.219201783537E-14  0.929062027245E-17
  0.298444105670E-16  0.538422188780E-11 -0.492748775685E-15
  0.110551874137E-15  0.620167403163E-14  0.222616763231E-14
  0.547161914934E-15  0.424086915773E-15  0.179023542127E-09
 -0.775038340056E-15 -0.594132536251E-15  0.170633742151E-09
 -0.197808344298E-14 -0.104396805830E-14  0.100912846472E-09
  0.292963721538E-15 -0.137514360623E-15 -0.274520762263E-15
  0.352526029573E-15 -0.129428662671E-09 -0.836891678649E-10
 -0.245023627517E-16  0.315789114594E-15  0.587341573175E-14
  0.240485283199E-14 -0.591293860291E-15  0.338838529207E-15
  0.179023612285E-09  0.922428623997E-15 -0.367082931754E-15
  0.170633605382E-09  0.201922921776E-14 -0.122116284054E-14
  0.100913014601E-09  0.539634070339E-15  0.662254617174E-16
 -0.662951157225E-16 -0.629507131686E-15  0.129428062729E-09
 -0.836893841899E-10 -0.992330108733E-12 -0.775326192700E-11
 -0.194122654575E-10  0.160812918718E-10  0.498450218199E-11
 -0.349852574251E-08 -0.172401382357E-07  -1.68595065797    
 -0.134312223755E-11 -0.486205854560E-11 -0.671275753328E-03
 -0.903540102314E-11 -0.458999264099E-10 -0.433660683611E-02
 -0.640688150297E-11 -0.310647588153E-10 -0.309363238679E-02
  0.328745408787E-11  0.605697516678E-11  0.258288213731E-11
  0.553718928743E-12 -0.254403617672E-12  0.265633017469E-03
 -0.798685792425E-11 -0.874588885783E-11 -0.778392102376E-11
 -0.144904417548E-12  0.932786544383E-13 -0.702328736855E-04
 -0.447573957068E-11 -0.349169457078E-11 -0.475728280198E-11
  0.195860886741E-12 -0.121822633228E-12  0.941159988761E-04
