  IT          TRACE                ETOT                 EKIN+ENONLOC          CHARGE              EDFT+SIC              LOWEST
   1        -95.067047829       -174.503900739        176.118547440         18.999999390       -174.503900739       -174.503900739
   2        -94.923159575       -158.313606530        166.063174165         18.999996845       -158.313606530       -174.503900739
   3        -94.591530082       -174.947068283        174.885982482         18.999999829       -174.947068283       -174.947068283
   4        -94.305939583       -174.580598716        175.480729147         18.999999698       -174.580598716       -174.947068283
   5        -94.111272317       -174.939428271        174.191909355         18.999999814       -174.939428271       -174.947068283
   6        -93.999914173       -174.948249596        174.043425273         18.999999808       -174.948249596       -174.948249596
   7        -93.936435459       -174.954138425        173.965299338         18.999999805       -174.954138425       -174.954138425
   8        -93.771525262       -174.968096617        173.824333612         18.999999788       -174.968096617       -174.968096617
   9        -93.788255812       -174.984595378        173.879095061         18.999999786       -174.984595378       -174.984595378
  10        -93.930028420       -174.559864481        175.160705718         18.999999671       -174.559864481       -174.984595378
  11        -93.802374743       -174.989079347        174.036834570         18.999999774       -174.989079347       -174.989079347
  12        -93.791863929       -174.993111815        174.035848927         18.999999771       -174.993111815       -174.993111815
  13        -93.794319652       -175.008391420        174.327641412         18.999999739       -175.008391420       -175.008391420
  14        -93.799768520       -175.016877991        174.219645406         18.999999752       -175.016877991       -175.016877991
  15        -93.792711193       -174.777474764        174.808048969         18.999999686       -174.777474764       -175.016877991
  16        -93.758253546       -174.994748866        173.994610868         18.999999770       -174.994748866       -175.016877991
  17        -93.763544922       -174.996017547        174.000099221         18.999999769       -174.996017547       -175.016877991
  18        -93.773487605       -174.997708709        174.015877366         18.999999769       -174.997708709       -175.016877991
  19        -93.805548773       -174.552725153        175.043932911         18.999999660       -174.552725153       -175.016877991
  20        -93.712388592       -174.988474907        173.915946217         18.999999770       -174.988474907       -175.016877991
  21        -93.758915299       -174.994706091        173.989977330         18.999999769       -174.994706091       -175.016877991
  22        -93.773030686       -174.924169516        174.556861103         18.999999709       -174.924169516       -175.016877991
  23        -93.769549720       -174.996740035        174.008961550         18.999999769       -174.996740035       -175.016877991
  24        -93.781257966       -174.591597857        174.982350518         18.999999664       -174.591597857       -175.016877991
  25        -93.709024556       -174.986073668        173.903200886         18.999999771       -174.986073668       -175.016877991
  26        -93.745520446       -174.993969726        173.966546279         18.999999770       -174.993969726       -175.016877991
  27        -93.744788176       -174.992069835        173.964456914         18.999999771       -174.992069835       -175.016877991
  28        -93.756154948       -174.996125263        173.987141375         18.999999769       -174.996125263       -175.016877991
  29        -93.769619766       -174.966654341        174.455523835         18.999999719       -174.966654341       -175.016877991
  30        -93.771427041       -174.999816862        174.020134290         18.999999768       -174.999816862       -175.016877991
  31        -93.765795162       -174.999819418        174.010089489         18.999999767       -174.999819418       -175.016877991
  32        -93.821785097       -174.533832874        175.079783488         18.999999656       -174.533832874       -175.016877991
  33        -93.770946638       -174.961065748        174.472235433         18.999999717       -174.961065748       -175.016877991
  34        -93.767120386       -174.999404153        174.006167485         18.999999769       -174.999404153       -175.016877991
  35        -93.768935641       -175.002434010        174.011126640         18.999999768       -175.002434010       -175.016877991
  36        -93.765911212       -174.999188801        174.003776155         18.999999769       -174.999188801       -175.016877991
  37        -93.765497865       -174.998539117        174.003086681         18.999999769       -174.998539117       -175.016877991
  38        -93.763988888       -174.996895848        174.000305956         18.999999769       -174.996895848       -175.016877991
  39        -93.765728566       -174.997494847        174.002955437         18.999999768       -174.997494847       -175.016877991
  40        -93.767312342       -174.998790518        174.008686074         18.999999768       -174.998790518       -175.016877991
  41        -93.773777017       -175.017145231        174.117011059         18.999999757       -175.017145231       -175.017145231
  42        -93.784102429       -174.673350759        174.908730573         18.999999672       -174.673350759       -175.017145231
  43        -93.758575412       -174.997060522        173.991471241         18.999999769       -174.997060522       -175.017145231
  44        -93.761424317       -174.998201801        173.995776340         18.999999768       -174.998201801       -175.017145231
  45        -93.761492508       -174.998196701        173.995889984         18.999999768       -174.998196701       -175.017145231
  46        -93.764280689       -174.998457956        174.001008364         18.999999768       -174.998457956       -175.017145231
  47        -93.820839099       -174.533843991        175.078848715         18.999999656       -174.533843991       -175.017145231
  48        -93.769273978       -175.023402755        174.159200289         18.999999751       -175.023402755       -175.023402755
  49        -93.771635256       -175.023404646        174.093941541         18.999999759       -175.023404646       -175.023404646
  IT          TRACE                ETOT                 EKIN+ENONLOC          CHARGE              EDFT+SIC              LOWEST
   1        -95.067047314       -174.503926507        176.118525072         18.999999390       -174.503926507       -174.503926507
   2        -94.923015853       -158.313934371        166.062930735         18.999996852       -158.313934371       -174.503926507
   3        -94.591632972       -174.960361790        174.886011433         18.999999829       -174.960361790       -174.960361790
   4        -94.304605052       -174.581186426        175.477842568         18.999999698       -174.581186426       -174.960361790
   5        -94.113758684       -174.959579190        174.198496797         18.999999814       -174.959579190       -174.960361790
   6        -93.967425318       -174.964802573        174.004780352         18.999999807       -174.964802573       -174.964802573
   7        -93.834347161       -174.981882494        173.876304677         18.999999796       -174.981882494       -174.981882494
   8        -93.823307929       -174.995694034        173.923798351         18.999999789       -174.995694034       -174.995694034
   9        -93.853846545       -175.014927798        174.103041189         18.999999776       -175.014927798       -175.014927798
  10        -93.911547748       -174.531854649        175.137442309         18.999999662       -174.531854649       -175.014927798
  11        -93.807035631       -175.009509954        174.065214144         18.999999773       -175.009509954       -175.014927798
  12        -93.798034624       -175.012883596        174.065058225         18.999999769       -175.012883596       -175.014927798
  13        -93.840189978       -174.543396334        175.061824193         18.999999660       -174.543396334       -175.014927798
  14        -93.759138925       -175.002933711        173.987937173         18.999999773       -175.002933711       -175.014927798
  15        -93.775393245       -175.010571077        174.032798481         18.999999769       -175.010571077       -175.014927798
  16        -93.794263889       -174.765310101        174.796189105         18.999999683       -174.765310101       -175.014927798
  17        -93.779397934       -175.008232479        174.030545173         18.999999771       -175.008232479       -175.014927798
  18        -93.772393454       -175.013593410        174.030657202         18.999999767       -175.013593410       -175.014927798
  19        -93.797636951       -174.590493203        174.967944721         18.999999663       -174.590493203       -175.014927798
  20        -93.731318062       -174.999222633        173.941386971         18.999999773       -174.999222633       -175.014927798
  21        -93.763605955       -175.010483654        174.015241126         18.999999769       -175.010483654       -175.014927798
  22        -93.773440369       -175.014063940        174.031542307         18.999999766       -175.014063940       -175.014927798
  23        -93.789488414       -174.829393428        174.706717013         18.999999692       -174.829393428       -175.014927798
  24        -93.775443895       -175.010155608        174.027862873         18.999999770       -175.010155608       -175.014927798
  25        -93.770861321       -175.013598512        174.026651598         18.999999767       -175.013598512       -175.014927798
  26        -93.783929611       -175.016139355        174.051232822         18.999999766       -175.016139355       -175.016139355
  27        -93.804045643       -174.575820477        174.985284241         18.999999662       -174.575820477       -175.016139355
  28        -93.702845086       -174.992396730        173.881958057         18.999999774       -174.992396730       -175.016139355
  29        -93.771565299       -175.010103611        174.025355257         18.999999770       -175.010103611       -175.016139355
  30        -93.775521542       -175.013763377        174.032712250         18.999999767       -175.013763377       -175.016139355
  31        -93.789013771       -175.017291447        174.310115293         18.999999737       -175.017291447       -175.017291447
  32        -93.774456053       -175.011116690        174.033899312         18.999999769       -175.011116690       -175.017291447
  33        -93.782903325       -175.013931215        174.043698448         18.999999767       -175.013931215       -175.017291447
  34        -93.788861725       -175.018013845        174.067636104         18.999999764       -175.018013845       -175.018013845
  35        -93.801024256       -174.770745532        174.792885523         18.999999684       -174.770745532       -175.018013845
  36        -93.775558148       -175.013936316        174.030459369         18.999999767       -175.013936316       -175.018013845
  37        -93.784448660       -175.014410438        174.044739145         18.999999767       -175.014410438       -175.018013845
  38        -93.792339497       -175.019644008        174.081987171         18.999999763       -175.019644008       -175.019644008
  39        -93.795517799       -175.013330599        174.339516954         18.999999735       -175.013330599       -175.019644008
  40        -93.792349286       -175.016966785        174.066807092         18.999999765       -175.016966785       -175.019644008
  41        -93.794394586       -175.028625394        174.188742343         18.999999752       -175.028625394       -175.028625394
  42        -93.795162995       -175.028392959        174.213396649         18.999999749       -175.028392959       -175.028625394
  43        -93.794704113       -175.027305075        174.151744675         18.999999756       -175.027305075       -175.028625394
  44        -93.795139471       -175.028637199        174.197959457         18.999999751       -175.028637199       -175.028637199
  45        -93.795041799       -175.028353300        174.174416572         18.999999754       -175.028353300       -175.028637199
  46        -93.795232588       -175.028641767        174.191870882         18.999999752       -175.028641767       -175.028641767
  47        -93.795765806       -175.025093041        174.263848867         18.999999744       -175.025093041       -175.028641767
  48        -93.795256699       -175.028636318        174.190606027         18.999999752       -175.028636318       -175.028641767
  49        -93.795293278       -175.028638795        174.191055159         18.999999752       -175.028638795       -175.028641767
  50        -93.795511593       -175.028646547        174.194063630         18.999999752       -175.028646547       -175.028646547
  51        -93.795526227       -175.028646526        174.194387621         18.999999752       -175.028646526       -175.028646547
  52        -93.795515928       -175.028646347        174.194736782         18.999999752       -175.028646347       -175.028646547
