           5           0
         0.0000003290        0.3832852728        0.0000000921    1   1
        -0.0000001301       -0.0001307311        0.0000000296
        -1.3888880708       -0.5520293326        0.0000000320    1   2
        -0.0000780034       -0.0000794953        0.0000000014
         1.3888828296       -0.5520048348        0.0000000320    1   3
         0.0000777923       -0.0000793784        0.0000000014
        -0.0000199961        1.2545315619        0.8672320352    1   4
        -0.0000001929       -0.0001513695       -0.0000685948
        -0.0000199961        1.2545317288       -0.8672318684    1   5
        -0.0000001929       -0.0001513686        0.0000685996


