 
  -76.337108126930886     
     5    0        5    0
         0.0000003290        0.3832852728        0.0000000921    1   1
        -1.3888880708       -0.5520293326        0.0000000320    1   2
         1.3888828296       -0.5520048348        0.0000000320    1   3
        -0.0000199961        1.2545315619        0.8672320352    1   4
        -0.0000199961        1.2545317288       -0.8672318684    1   5
  
  
  
  
      -0.000000130148     -0.000130731136      0.000000029558
      -0.000078003368     -0.000079495286      0.000000001382
       0.000077792345     -0.000079378356      0.000000001376
      -0.000000192931     -0.000151369470     -0.000068594831
      -0.000000192941     -0.000151368648      0.000068599563
