     5    4        5    4
        -0.0000486868        0.0000400022       -0.0001765608    1   1
         0.7123582788        0.7382103810        0.7762393956    1   2
        -0.7382468265       -0.7123444503        0.7765830531    1   3
        -0.7121259142        0.7115733319       -0.8012097532    1   4
         0.7392760263       -0.7393841979       -0.7505643698    1   5
  
  
         0.0156776185       -0.0159919273       -0.0060692798    1   1
         0.7258856107        0.5541428010        0.9691019455    1   2
        -0.5610094395       -0.7223538338        0.9696094536    1   3
        -0.3304325577        0.3325216396       -1.2971849286    1   4
  
  
