           5           4
        -0.0000486868        0.0000400022       -0.0001765608    1   1
        -0.0000481951        0.0000332797       -0.0000646141
         0.7123582788        0.7382103810        0.7762393956    1   2
         0.0000565814        0.0000062095        0.0000216279
        -0.7382468265       -0.7123444503        0.7765830531    1   3
        -0.0000089818       -0.0000591966        0.0000197189
        -0.7121259142        0.7115733319       -0.8012097532    1   4
        -0.0000389967        0.0000351956        0.0000080239
         0.7392760263       -0.7393841979       -0.7505643698    1   5
         0.0000313811       -0.0000353662       -0.0000244963

         0.0156776185       -0.0159919273       -0.0060692798    1   1
        -0.0001680770       -0.0000661797       -0.0000337426
         0.7258856107        0.5541428010        0.9691019455    1   2
        -0.0000363317        0.0000095996        0.0000145775
        -0.5610094395       -0.7223538338        0.9696094536    1   3
         0.0000025821        0.0000440899        0.0000221480
        -0.3304325577        0.3325216396       -1.2971849286    1   4
         0.0000061251       -0.0000033215       -0.0000115829

