   1          TOTAL NUMBER OF ATOM TYPES                                        
   9   9      ELECTRONIC AND NUCLEAR CHARGE                                     
ALL           ALL-ELECTRON ATOM TYPE                                            
   1          NUMBER OF ATOMS OF TYPE FLU                                       
 0.000000 0.000000 0.000000 UPO                                                 
 0                                                                              
  14          NUMBER OF BARE GAUSSIANS                                          
   5   4   3  NUMBER OF S,P,D FUNCTIONS                                         
   0   0   1  SUPPLEMENTARY S,P,D FUNCTIONS                                     
       0.1231742220D+06       0.1865493160D+05       0.4284660370D+04           
       0.1223150920D+04       0.4016733760D+03       0.1457852270D+03           
       0.5694551760D+02       0.2349311190D+02       0.1003418550D+02           
       0.4343769680D+01       0.1868203030D+01       0.7806879100D+00           
       0.3149846100D+00       0.1181861600D+00                                  
                                                                                
       0.2355763350D+00       0.4376225000D+00       0.7524712120D+00           
       0.1216638020D+01       0.1845316540D+01       0.2551384850D+01           
       0.3004077050D+01       0.2682876730D+01       0.1405497250D+01           
       0.2609771830D+00       0.2555561480D-02       0.7546130340D-03           
      -0.1646029690D-03       0.2082887950D-04                                  
                                                                                
      -0.5583942250D-01      -0.1035858050D+00      -0.1788144750D+00           
      -0.2894265580D+00      -0.4466115800D+00      -0.6343658820D+00           
      -0.8145208580D+00      -0.8538368980D+00      -0.6447789780D+00           
      -0.1142431720D+00       0.3167190590D+00       0.3041863400D+00           
       0.1005780670D+00       0.4817488440D-02                                  
                                                                                
       0.0000000000D+00       0.0000000000D+00       0.0000000000D+00           
       0.0000000000D+00       0.0000000000D+00       0.0000000000D+00           
       0.0000000000D+00       0.0000000000D+00       0.0000000000D+00           
       0.0000000000D+00       0.0000000000D+00       0.1000000000D+01           
       0.0000000000D+00       0.0000000000D+00                                  
                                                                                
       0.0000000000D+00       0.0000000000D+00       0.0000000000D+00           
       0.0000000000D+00       0.0000000000D+00       0.0000000000D+00           
       0.0000000000D+00       0.0000000000D+00       0.0000000000D+00           
       0.0000000000D+00       0.0000000000D+00       0.0000000000D+00           
       0.1000000000D+01       0.0000000000D+00                                  
                                                                                
       0.0000000000D+00       0.0000000000D+00       0.0000000000D+00           
       0.0000000000D+00       0.0000000000D+00       0.0000000000D+00           
       0.0000000000D+00       0.0000000000D+00       0.0000000000D+00           
       0.0000000000D+00       0.0000000000D+00       0.0000000000D+00           
       0.0000000000D+00       0.1000000000D+01                                  
                                                                                
       0.4900854750D-01       0.9059901630D-01       0.1569389330D+00           
       0.2549422150D+00       0.3969983700D+00       0.5817501900D+00           
       0.7854593500D+00       0.9713952850D+00       0.1017485400D+01           
       0.8881348760D+00       0.5325776020D+00       0.2097448310D+00           
       0.5358788830D-01       0.5596492130D-02                                  
                                                                                
       0.0000000000D+00       0.0000000000D+00       0.0000000000D+00           
       0.0000000000D+00       0.0000000000D+00       0.0000000000D+00           
       0.0000000000D+00       0.0000000000D+00       0.0000000000D+00           
       0.0000000000D+00       0.0000000000D+00       0.1000000000D+01           
       0.0000000000D+00       0.0000000000D+00                                  
                                                                                
       0.0000000000D+00       0.0000000000D+00       0.0000000000D+00           
       0.0000000000D+00       0.0000000000D+00       0.0000000000D+00           
       0.0000000000D+00       0.0000000000D+00       0.0000000000D+00           
       0.0000000000D+00       0.0000000000D+00       0.0000000000D+00           
       0.1000000000D+01       0.0000000000D+00                                  
                                                                                
       0.0000000000D+00       0.0000000000D+00       0.0000000000D+00           
       0.0000000000D+00       0.0000000000D+00       0.0000000000D+00           
       0.0000000000D+00       0.0000000000D+00       0.0000000000D+00           
       0.0000000000D+00       0.0000000000D+00       0.0000000000D+00           
       0.0000000000D+00       0.1000000000D+01                                  
                                                                                
       0.0000000000D+00       0.0000000000D+00       0.0000000000D+00           
       0.0000000000D+00       0.0000000000D+00       0.0000000000D+00           
       0.0000000000D+00       0.0000000000D+00       0.0000000000D+00           
       0.0000000000D+00       0.1000000000D+01       0.0000000000D+00           
       0.0000000000D+00       0.0000000000D+00                                  
                                                                                
       0.0000000000D+00       0.0000000000D+00       0.0000000000D+00           
       0.0000000000D+00       0.0000000000D+00       0.0000000000D+00           
       0.0000000000D+00       0.0000000000D+00       0.0000000000D+00           
       0.0000000000D+00       0.0000000000D+00       0.1000000000D+01           
       0.0000000000D+00       0.0000000000D+00                                  
                                                                                
       0.0000000000D+00       0.0000000000D+00       0.0000000000D+00           
       0.0000000000D+00       0.0000000000D+00       0.0000000000D+00           
       0.0000000000D+00       0.0000000000D+00       0.0000000000D+00           
       0.0000000000D+00       0.0000000000D+00       0.0000000000D+00           
       0.1000000000D+01       0.0000000000D+00                                  
                                                                                
       0.0000000000D+00       0.0000000000D+00       0.0000000000D+00           
       0.0000000000D+00       0.0000000000D+00       0.0000000000D+00           
       0.0000000000D+00       0.0000000000D+00       0.0000000000D+00           
       0.0000000000D+00       0.0000000000D+00       0.0000000000D+00           
       0.0000000000D+00       0.1000000000D+01                                  
                                                                                
 5.000000 4.000000                                                              
WFOUT                                                                           
     2     SPIN
    70     NUMBER OF OCCUPIED ORBITALS, EVALUES:
  -26.3660884995      -1.55018514665     -0.836964023627    
 -0.753991974946     -0.751724199641      0.873746957712E-01
  0.200317326997      0.210367460231      0.211030654961    
  0.675924578488      0.691284967595      0.691509082990    
  0.691994248799      0.706865304886      0.707081753825    
   1.06234106988       1.09775274043       1.09852680967    
   1.96940003338       2.33395661373       2.34585775004    
   2.34662245361       2.38748905919       2.38772436780    
   4.10349647868       4.16953209040       4.17112380437    
   4.51110377175       6.23906677149       6.25710704975    
   6.25855812117       6.31850752160       6.31852947304    
   11.3461708418       59.5171303309      -26.3361703250    
  -1.45965238808     -0.725723082602     -0.724644518202    
 -0.334194975148      0.937354735931E-01  0.214443448758    
  0.215547496377      0.219034970473      0.694298768044    
  0.708322000653      0.709235000651      0.709571653025    
  0.709611605778      0.712173935317       1.11296868658    
   1.11371597833       1.11637680094       1.99201415490    
   2.39339692803       2.39378421617       2.39761336157    
   2.40025557200       2.40028790270       4.20315066987    
   4.20336211840       4.20883798169       4.54885345618    
   6.33955638540       6.33964266882       6.34433795446    
   6.34433831673       6.34762063828       11.4108476633    
   59.5587058239    
     1     NUMBER OF REPRESENTATIONS
    35    35
   1.00000000000       1.00000000000       1.00000000000    
   1.00000000000       1.00000000000       0.00000000000    
   0.00000000000       0.00000000000       0.00000000000    
   0.00000000000       0.00000000000       0.00000000000    
   0.00000000000       0.00000000000       0.00000000000    
   0.00000000000       0.00000000000       0.00000000000    
   0.00000000000       0.00000000000       0.00000000000    
   0.00000000000       0.00000000000       0.00000000000    
   0.00000000000       0.00000000000       0.00000000000    
   0.00000000000       0.00000000000       0.00000000000    
   0.00000000000       0.00000000000       0.00000000000    
   0.00000000000       0.00000000000    
  
   1.00874283821      0.181085902387E-02 -0.191662977994E-01
 -0.268043173478E-02 -0.492053340813E-04  0.119543101730E-04
 -0.845506731186E-05  0.143848479773E-04 -0.260326384285E-05
  0.193445681035E-05 -0.312623848508E-05 -0.357466135682E-06
  0.272408632790E-06 -0.336296726200E-06 -0.657181656083E-07
  0.462875948910E-07 -0.892683524379E-07  0.383477924310E-01
  0.383476543861E-01  0.416776998258E-01 -0.987484116193E-04
  0.658484236761E-05 -0.345576611780E-04  0.705762936716E-02
  0.705765138478E-02  0.649397039026E-02  0.162044531379E-04
 -0.733990287459E-06  0.542052167240E-05  0.200245070990E-03
  0.200243375832E-03  0.242935509777E-03 -0.125124974781E-05
  0.646611149106E-07 -0.417592428064E-06
  
 -0.635140354195E-02  -1.01359033826     -0.537843880839E-02
  0.146515890943E-02  0.127504611237E-02 -0.308206100991E-03
  0.416261722390E-03  0.452969499989E-03 -0.203421508832E-03
  0.204039537564E-03  0.647058077823E-06 -0.472814925406E-04
  0.453661299044E-04 -0.107842235034E-04  0.218459466549E-05
 -0.259523189345E-05 -0.221451630056E-05  0.276377360668E-01
  0.276408827591E-01 -0.470684522571E-01  0.214367089942E-02
 -0.157630429390E-03  0.788708785336E-03  0.645867664707E-02
  0.645872328635E-02 -0.390457602089E-02  0.894837983576E-04
 -0.205454676791E-04  0.105595693480E-03  0.140451035170E-02
  0.140452757314E-02  0.462030105148E-03  0.180938847835E-04
 -0.158563719623E-05  0.928962051395E-05
  
 -0.566644038360E-05  0.164334040454E-03 -0.118793121764E-04
  0.534586710215E-05  0.631928943358E-05  0.569421778667E-02
 -0.135460764808E-01   1.77442005743      0.385508593931E-04
 -0.127787457447E-03  0.208323637556E-01 -0.312383502271E-04
  0.702870965409E-04 -0.896995290109E-02 -0.145543272854E-04
  0.355404219732E-04 -0.478688395008E-02  0.260351370881E-04
  0.283992558746E-04  0.700275253710E-05  0.386375083057E-01
 -0.165287090055E-02  0.143667983339E-02  0.134791609184E-04
  0.151760106534E-04  0.510881542415E-05  0.126941520960E-01
 -0.325774472172E-03  0.257366007617E-03  0.277732335046E-05
  0.320230250792E-05 -0.580703884385E-06  0.332074162619E-02
 -0.882607286500E-04  0.714988806627E-04
  
 -0.545623484307E-04 -0.126415523483E-02 -0.519643463360E-04
  0.570367042049E-04  0.331766236655E-04   1.23345402145    
  -1.22918373078     -0.131583054122E-01  0.101365317334E-01
 -0.101013113608E-01 -0.141808936563E-03 -0.105576657882E-02
  0.105228757882E-02  0.339838486450E-05 -0.216518609152E-02
  0.215768846711E-02  0.231036359899E-04  0.804755291031E-03
  0.808758313365E-03 -0.117201885345E-02 -0.360362154099E-02
 -0.290668802428E-01  0.291586975831E-01  0.386044331738E-03
  0.386232074107E-03 -0.388781007684E-03 -0.148910422744E-02
 -0.960101843730E-02  0.963112087637E-02  0.790283085794E-04
  0.794385685990E-04 -0.114159144206E-03 -0.343283734129E-03
 -0.263961658634E-02  0.264803895500E-02
  
 -0.682847501736E-06  0.342659490822E-04 -0.250021622729E-05
  0.510831101134E-06  0.150146119630E-05   1.22809555082    
   1.23230443564      0.546500083747E-02  0.100458114413E-01
  0.100803016473E-01  0.468543098321E-04 -0.808448685191E-03
 -0.811377950972E-03 -0.386073896542E-05 -0.212459124033E-02
 -0.213187895217E-02 -0.956951906055E-05 -0.756166653015E-03
  0.763783621075E-03  0.397964290546E-06  0.122600181751E-03
  0.291618782903E-01  0.290814859735E-01 -0.118045167801E-03
  0.122089440823E-03  0.563641028552E-06  0.425554248240E-04
  0.964673027189E-02  0.961890851899E-02 -0.142297050468E-04
  0.149027136935E-04 -0.184760022550E-07  0.127007757087E-04
  0.266359967175E-02  0.265577008081E-02
  
  0.356509780245E-01  0.387855272889      0.809319659909    
 -0.451093894423     -0.409569585264      0.211482296617E-02
 -0.210262559941E-02  0.106223685455E-03 -0.820576678053E-04
  0.830287176683E-04 -0.428023286159E-05  0.204758650124E-03
 -0.206155049203E-03  0.529188760932E-05 -0.293823585346E-03
  0.295897475779E-03 -0.457859767184E-05 -0.137117364840    
 -0.137117548920     -0.117473390571     -0.289764180512E-03
  0.333895881086E-04 -0.195856317894E-03  0.296241788096    
  0.296241359207      0.299038408273     -0.215145114525E-03
 -0.133301962959E-05 -0.217249008161E-04  0.202891109130    
  0.202891263662      0.200016668069      0.871436410614E-04
 -0.177995677375E-05  0.251794392417E-04
  
  0.251398373153E-05  0.133133152789E-05  0.503758760769E-04
 -0.340499915954E-04 -0.194631032411E-04 -0.446777076858E-03
  0.319151942311E-02 -0.678110431813      0.964171863012E-04
 -0.565349910623E-03  0.115446969253     -0.113325265241E-03
  0.669576489570E-03 -0.136978504625      0.109194389979E-03
 -0.646501371544E-03  0.132243635901     -0.811855314295E-05
 -0.654176797586E-05 -0.985835366576E-05  0.205621823421E-03
  0.413600244716E-03 -0.414747871308E-03  0.195417342379E-04
  0.181591704536E-04  0.195993356233E-04 -0.569034056038E-03
 -0.336914236936E-03  0.341027569728E-03  0.112973572074E-04
  0.121009662955E-04  0.109793792518E-04  0.150605545634E-03
  0.206340782751E-03 -0.207762184261E-03
  
  0.153243307037E-03  0.129213521464E-02  0.355899112923E-02
 -0.222144098018E-02 -0.156466077822E-02 -0.491594436624    
  0.490469602366      0.294180749370E-02  0.885357093150E-01
 -0.883331817985E-01 -0.503834834826E-03 -0.106506886576    
  0.106263186686      0.607646172499E-03  0.948675664696E-01
 -0.946504658833E-01 -0.541832875012E-03 -0.572226193499E-03
 -0.571778675822E-03 -0.692692027198E-03 -0.897939642044E-05
 -0.338867484131E-04  0.351441969885E-04  0.119214034824E-02
  0.119168473940E-02  0.146979878141E-02  0.536499728405E-03
  0.391466360533E-03 -0.392491379994E-03  0.955839957607E-03
  0.956071738451E-03  0.809698935871E-03 -0.263247415340E-03
 -0.597112107128E-04  0.600602494565E-04
  
  0.588476343934E-06  0.846614328667E-05  0.164181195578E-04
 -0.100178863816E-04 -0.742050381708E-05  0.491081074319    
  0.492196833704      0.200806869979E-02 -0.882494308671E-01
 -0.884498711635E-01 -0.359697396340E-03  0.106329306622    
  0.106570752242      0.433489449259E-03 -0.946603258273E-01
 -0.948752453361E-01 -0.385758345801E-03 -0.458458826211E-03
  0.452755129161E-03 -0.260601202414E-05 -0.155908479652E-05
 -0.496221502765E-04 -0.456455782128E-04  0.250603471559E-03
 -0.239056245881E-03  0.672964514472E-05  0.827388458717E-06
  0.403006118448E-03  0.400112741932E-03 -0.137917383398E-03
  0.146758442935E-03  0.388063425002E-05  0.789672045681E-07
 -0.645244902748E-04 -0.631552453436E-04
  
  0.553288280412E-01 -0.199197429238       2.06155209858    
  -1.68400148481     -0.490425260444     -0.184489909617E-04
  0.121360589514E-03 -0.105110067233E-03 -0.557421139519E-03
  0.563348200717E-03 -0.580699955928E-05  0.497527874977E-03
 -0.503031455845E-03  0.508968589730E-05 -0.739689633014E-04
  0.746311220301E-04 -0.525789680138E-06 -0.451743259294    
 -0.451729120917     -0.838585628942E-01  0.305138531893E-02
  0.650347852049E-03 -0.365455252727E-02  0.885425834460    
  0.885419759475      0.693053583481     -0.101256388228E-02
 -0.330955343102E-03  0.190293127085E-02  0.485315572599    
  0.485321710761      0.682610903894      0.978407093546E-03
  0.340729425523E-03 -0.195357590110E-02
  
 -0.635811542801E-03  0.188244702935E-02 -0.234493511210E-01
  0.192692738567E-01  0.545864406537E-02  0.199644165959E-01
 -0.200164666556E-01 -0.295906172957E-03  0.428737444346E-03
 -0.426282856915E-03 -0.990393479529E-03 -0.339976844294E-03
  0.336836047780E-03  0.109620939481E-02  0.859713363970E-05
 -0.784464787759E-05 -0.213488441483E-03  0.411310491750E-03
  0.290009291747E-02  0.793181742092E-02 -0.312931120703E-02
  0.623912657327     -0.621995349077     -0.774660591043E-02
 -0.896403251217E-02 -0.111825000101E-01  0.149686755788E-02
 -0.305351015794      0.304410427527     -0.775651758407E-02
 -0.655316946168E-02 -0.433138092382E-02 -0.150101679252E-02
  0.301660037145     -0.300731057588    
  
 -0.783852637929E-04  0.235752879775E-03 -0.289473798785E-02
  0.237878659186E-02  0.673714633106E-03  0.200559625110E-01
  0.199926992679E-01 -0.850711886649E-04  0.425303253074E-03
  0.420225831612E-03 -0.636381394335E-05 -0.330425530173E-03
 -0.325471741327E-03  0.671197905519E-05  0.911474196159E-05
  0.841794831674E-05 -0.817508165251E-06 -0.276708296996E-03
  0.279589388075E-02 -0.113180892442E-02  0.252332629258E-02
 -0.621704602388     -0.623643324311     -0.801386224310E-03
 -0.229665649261E-02 -0.346034306101E-03 -0.123592433457E-02
  0.304522099124      0.305471367689     -0.111294013590E-02
  0.367881703141E-03 -0.155615344237E-02  0.122108113618E-02
 -0.300763610607     -0.301701047901    
  
  0.362148804202E-01 -0.108719684527       1.33760413844    
  -1.09935174608     -0.311150522834     -0.199009829478E-02
  0.189537749199E-02  0.642619856312E-04 -0.849668115115E-03
  0.852509369194E-03 -0.111293628434E-04  0.880367773427E-03
 -0.884191478574E-03  0.129487951284E-04 -0.144901638339E-03
  0.145783844598E-03 -0.255820171107E-05  0.888140614320E-02
  0.890471088734E-02 -0.658923090792     -0.386367986388E-02
  0.844249006248E-02 -0.564674185305E-02  0.426193515778    
  0.426182165386      0.739085390959      0.203629244171E-02
 -0.415637011549E-02  0.290481431075E-02  0.458009439424    
  0.458020592785      0.147215983421     -0.202244001121E-02
  0.409962883998E-02 -0.284805563637E-02
  
  0.240695234832E-04 -0.185675919119E-04  0.863631432996E-03
 -0.682615054857E-03 -0.226797375125E-03  0.309007096100E-02
 -0.320617737557E-02 -0.260883220764E-01  0.833047628197E-03
 -0.830455649533E-03 -0.851252506873E-03 -0.100415511366E-02
  0.999592409610E-03  0.767086818406E-03  0.161898710070E-03
 -0.161017943847E-03 -0.368945550005E-04  0.102537228740E-02
  0.117457177695E-02 -0.268659234796E-02  0.884074245715    
  0.402932871375E-02 -0.419423739894E-03 -0.321758595272E-03
 -0.398346677045E-03  0.166141289491E-02 -0.453488880916    
 -0.207865395605E-02  0.225633990633E-03  0.881230736687E-03
  0.953641024701E-03 -0.101704142624E-02  0.428863028432    
  0.195527306576E-02 -0.203300232749E-03
  
 -0.266948828054E-06  0.551164328010E-06 -0.969834790467E-05
  0.796109052586E-05  0.226197798929E-05  0.461256822655E-04
 -0.701712223551E-04  0.413331080735E-06 -0.585521751713E-03
 -0.590018119360E-03 -0.257663332382E-05  0.561890127534E-03
  0.565772838488E-03  0.247660254666E-05 -0.121061118315E-03
 -0.121554582948E-03 -0.533758314677E-06  0.442086412359    
 -0.442080717995     -0.920515663538E-06  0.149162070193E-03
 -0.401268904913E-03 -0.394087298824E-02 -0.226861039979    
  0.226852244376     -0.251503106023E-05 -0.766317643874E-04
  0.209211995484E-03  0.202645466824E-02  0.214465941558    
 -0.214470054881     -0.378571199468E-05  0.723850053673E-04
 -0.194280159942E-03 -0.191141630528E-02
  
  0.358519765150E-06  0.179399934896E-04  0.262799226538E-04
 -0.231593210809E-04 -0.519906321674E-05  0.855826343230E-03
 -0.563853084802E-02   1.17618500943      0.567703366116E-03
 -0.356542861493E-02  0.736089106688     -0.618533018125E-03
  0.388159233916E-02 -0.801167881353      0.787378830549E-04
 -0.492760027144E-03  0.101641236174     -0.691959514320E-05
 -0.122077701670E-05 -0.101071956793E-04  0.154788694672E-02
  0.140926628476E-02 -0.142400404293E-02  0.105106207313E-04
  0.762985758603E-05  0.155315870419E-04 -0.381207149270E-03
 -0.731448267204E-03  0.735458535778E-03  0.646804178270E-05
  0.812340720248E-05  0.403725530425E-05  0.318587785146E-03
  0.419070152759E-03 -0.421746853775E-03
  
  0.165402635528E-03  0.218661935513E-03  0.705085777773E-02
 -0.631383808104E-02 -0.104708353918E-02  0.837749010929    
 -0.835710611937     -0.475699841257E-02  0.534855073817    
 -0.533553543046     -0.299709791956E-02 -0.566957325907    
  0.565577786827      0.317608153415E-02  0.706487333261E-01
 -0.704768252297E-01 -0.395279282794E-03 -0.403725950742E-03
 -0.403009802565E-03 -0.177728796097E-02 -0.389129117799E-02
 -0.988090131974E-03  0.986021577034E-03  0.251793645547E-02
  0.251784984256E-02  0.309444683537E-02  0.159411834708E-02
  0.145833484872E-03 -0.144565674625E-03  0.163186717726E-02
  0.163193466766E-02  0.131702561679E-02 -0.809020350480E-03
 -0.157751540842E-03  0.157504263026E-03
  
  0.968826632598E-06 -0.132308449963E-05  0.308555904230E-04
 -0.276919042599E-04 -0.463808300638E-05 -0.836030288057    
 -0.838050654447     -0.342004074701E-02 -0.533938143112    
 -0.535228113014     -0.218111558637E-02  0.565610555295    
  0.566977152406      0.231028369469E-02 -0.704726359313E-01
 -0.706429029288E-01 -0.287810565695E-03 -0.374407550020E-03
  0.370728570268E-03 -0.809852732038E-05  0.413943139565E-05
 -0.980020390876E-03 -0.974456833457E-03  0.325897200097E-03
 -0.304319096884E-03  0.130017188433E-04 -0.166279566565E-05
  0.137577872353E-03  0.134487261893E-03 -0.195069091411E-03
  0.209410249862E-03  0.600040228133E-05  0.403710910333E-06
 -0.155432722271E-03 -0.153311935016E-03
  
  0.212221158798       1.38055634198       6.08297162502    
  -5.90204023367     -0.491753967674      0.166744471421E-03
 -0.161134251456E-03  0.333082354903E-04 -0.582161364950E-03
  0.586969326653E-03 -0.305273822417E-06  0.334288957604E-03
 -0.336726752544E-03 -0.884589005909E-06 -0.484915331784E-04
  0.487991951068E-04 -0.212008231078E-06 -0.936020529522    
 -0.936022482424     -0.838815168582     -0.166093404198E-02
  0.132918253419E-03 -0.931212157576E-03   2.20495800605    
   2.20495801762       2.14171245353      0.326491908170E-03
 -0.804086648540E-04  0.594922385727E-03   1.03188211958    
   1.03188220741       1.04081919491     -0.759828492194E-06
  0.118194185644E-04 -0.843696616237E-04
  
 -0.375138183263E-02 -0.822042450843E-03 -0.175724583722    
  0.171226456602      0.118748683553E-01 -0.173918757532E-02
  0.160127669818E-02  0.141734180031E-03  0.651033327760E-03
 -0.649252646143E-03 -0.109323585479E-04 -0.105439304505E-03
  0.105681139972E-03  0.458394992305E-06  0.285147827698E-04
 -0.281221250665E-04 -0.869490294687E-06 -0.194248442134    
 -0.194217748711      0.456351760418      0.562384662038E-02
  0.148945713485E-02 -0.685982153594E-02  0.719227715517    
  0.719111421933      -1.67243409788     -0.225247555259E-01
 -0.544580566932E-02  0.251730157295E-01 -0.130360233748    
 -0.130345335032      0.176356273606      0.288539147633E-02
  0.700545673217E-03 -0.323101312093E-02
  
  0.638157984942E-05  0.344437552146E-04  0.218529442974E-03
 -0.213486423638E-03 -0.154185673253E-04 -0.134331006440E-01
  0.134616011004E-01  0.674624763624E-03  0.517830008953E-03
 -0.514700034824E-03 -0.112031024809E-02 -0.238625440969E-04
  0.231207797828E-04  0.207323870750E-03  0.503669616626E-04
 -0.503106197594E-04 -0.447929804487E-04  0.594058893142E-03
  0.279030618732E-02 -0.347796027108E-02 -0.297158670883E-02
  0.543805690053     -0.542320497986     -0.218016890953E-02
 -0.100918129571E-01  0.125501541057E-01  0.107838691283E-01
  -1.95802661594       1.95268122552      0.324490924416E-03
  0.133580134375E-02 -0.155501656928E-02 -0.137675312527E-02
  0.250329732040     -0.249646321157    
  
 -0.498439440116E-06 -0.151167734767E-05 -0.186502129469E-04
  0.182025244375E-04  0.129541907952E-05  0.134907218271E-01
  0.134606079149E-01 -0.665783492067E-04 -0.523142343202E-03
 -0.521887154421E-03  0.673179057306E-05  0.263063423691E-04
  0.262403870568E-04 -0.412514514040E-06 -0.505890912091E-04
 -0.504714820931E-04  0.512794996391E-06  0.329963540409E-03
 -0.258435796552E-02  0.226205531799E-02 -0.221262472393E-02
  0.543665133532      0.545109820905     -0.121124196704E-02
  0.931526455416E-02 -0.812804851561E-02  0.794957845408E-02
  -1.95305732989      -1.95824932375      0.150418291818E-03
 -0.119416768187E-02  0.103474262838E-02 -0.101618332599E-02
  0.249656366507      0.250320030690    
  
 -0.118731097863E-04 -0.545519366676E-03  0.196652413655E-02
 -0.187282514079E-02 -0.118369607286E-03 -0.322097867968E-02
  0.328642472752E-02  0.183526996886E-01  0.160369795217E-02
 -0.159681770795E-02 -0.761109186426E-03 -0.233182055529E-03
  0.232326066369E-03 -0.875375800574E-05  0.618046371899E-04
 -0.616718434515E-04 -0.873031333742E-04  0.205580564600E-02
  0.216504116201E-02 -0.423473917060E-02  0.823199496194    
  0.393537946071E-02 -0.529365527306E-03 -0.550999267002E-02
 -0.587797881418E-02  0.141413489664E-01  -2.77488949390    
 -0.132435460375E-01  0.177696293890E-02  0.112715748069E-02
  0.117370553172E-02 -0.136071110054E-02  0.350978012677    
  0.167567159213E-02 -0.225303967858E-03
  
  0.316779093323E-07 -0.976183642364E-06  0.605947266294E-05
 -0.583066544691E-05 -0.377066073765E-06  0.129141035732E-03
  0.488422945888E-04  0.129892992232E-05  0.278986320584E-03
  0.283254665605E-03  0.125695041935E-05 -0.797136454792E-04
 -0.800878326512E-04 -0.352414666943E-06  0.159587414401E-04
  0.163224582057E-04  0.671868794444E-07 -0.411623790889    
  0.411623352082     -0.616291246636E-06 -0.109322333437E-03
  0.550313578229E-03  0.388945344262E-02   1.38752975482    
  -1.38752335896      0.190879958894E-05  0.368341748661E-03
 -0.183509377126E-02 -0.130856784802E-01 -0.175459869764    
  0.175461702181      0.106108634254E-05 -0.465842026714E-04
  0.233062391671E-03  0.165601287452E-02
  
  0.263130839850E-05 -0.593618702205E-05  0.519352948391E-04
 -0.528701074320E-04 -0.268026639576E-05 -0.340530507640E-02
  0.219046745079E-01  -4.53844015934      0.253716637266E-02
 -0.162708947611E-01   3.36896220304     -0.249484055815E-03
  0.159941707493E-02 -0.331137741851      0.609679208822E-04
 -0.391079963206E-03  0.809785362707E-01 -0.609771183327E-05
 -0.536767097589E-05 -0.161271202369E-04 -0.204113188491E-03
  0.175539705081E-03 -0.172522767374E-03  0.299965984094E-04
  0.275297576634E-04  0.352150387625E-04 -0.700213537164E-03
 -0.590284215645E-03  0.596021178269E-03  0.756996456805E-05
  0.787953259530E-05  0.705751173373E-05  0.895380254196E-04
  0.748762713825E-04 -0.756203473183E-04
  
  0.464486946425E-03 -0.364430312519E-03  0.160316892024E-01
 -0.162755504824E-01 -0.751926845023E-03  -3.21881050272    
   3.21149162275      0.179485446447E-01   2.38167112164    
  -2.37625579296     -0.132685756291E-01 -0.230926793314    
  0.230401732591      0.128630478596E-02  0.569577795604E-01
 -0.568282708032E-01 -0.317348449364E-03 -0.400587368490E-02
 -0.400684519275E-02 -0.428015570553E-02 -0.921397828652E-05
  0.193590836648E-03 -0.191913924010E-03  0.952150100056E-02
  0.952157826918E-02  0.100968138592E-01  0.166769871523E-02
  0.467669887092E-03 -0.466573506982E-03  0.225802519097E-02
  0.225803531911E-02  0.219058484600E-02 -0.195151652522E-03
 -0.590005027245E-04  0.588889593442E-04
  
 -0.188606025624E-05  0.212372556752E-05 -0.801571998362E-04
  0.811022958280E-04  0.372624049892E-05  -3.21181753171    
  -3.21906364478     -0.131292871113E-01   2.37621584039    
   2.38157677099      0.971257292023E-02 -0.230321782925    
 -0.230841415125     -0.941392396104E-03  0.568242191471E-01
  0.569524183645E-01  0.232265656972E-03  0.229649418865E-03
 -0.192384525006E-03  0.187763271335E-04  0.159061464724E-05
 -0.207409733329E-03 -0.208660346004E-03 -0.220389488101E-03
  0.124962086483E-03 -0.497616468546E-04  0.882913340849E-06
 -0.459286301770E-03 -0.456884409948E-03  0.145215489585E-04
 -0.369565125760E-04 -0.109752694542E-04 -0.988340063649E-07
  0.584253512600E-04  0.580849605045E-04
  
 -0.235382654051      0.192983995838      -7.79169473147    
   7.96084750286      0.349489973743     -0.602921324707E-02
  0.608257326741E-02  0.228475231648E-04  0.460551447523E-02
 -0.464149729942E-02 -0.499961092817E-05 -0.467764238813E-03
  0.471164450174E-03  0.212960103722E-06  0.109848346818E-03
 -0.110706747226E-03 -0.973838326597E-07   1.94124514958    
   1.94124103866       2.07309483785     -0.326559784130E-02
  0.188142799664E-03 -0.127765383255E-02  -4.84461338941    
  -4.84461268109      -4.85415033026      0.511838487523E-03
 -0.130176395727E-04  0.932855950519E-04  -1.07258622891    
  -1.07258629059      -1.07271845816     -0.379861664380E-04
 -0.302634046882E-06  0.119054224255E-05
  
 -0.224798659554E-02 -0.396242251126E-01  0.396561552974E-01
 -0.397518302578E-01 -0.138729765198E-02  0.294289226499E-03
 -0.261297024610E-03 -0.481060127697E-04  0.658217964286E-05
 -0.643688902848E-05  0.202657666018E-05 -0.316642828759E-04
  0.315242940214E-04  0.908549286587E-06  0.243677034954E-05
 -0.247894441806E-05  0.873844924900E-07  -3.95294376367    
  -3.95232818828       7.96552521482      0.148612037482    
  0.198145234351E-01 -0.116525698912      0.880066356783    
  0.879935150716      -1.65882881754     -0.317083267717E-01
 -0.422374912471E-02  0.248258142257E-01 -0.589126744513E-01
 -0.589027111755E-01  0.134015130269      0.240540162713E-02
  0.320509828738E-03 -0.188596191749E-02
  
 -0.269958027804E-06  0.371509302572E-05 -0.910841493685E-06
  0.129486216428E-05  0.467183089540E-07 -0.329730684826E-02
  0.330439642558E-02 -0.181348938937E-03  0.193624798674E-04
 -0.196144987242E-04  0.432067935783E-04  0.329966910056E-04
 -0.328838573907E-04 -0.450755519933E-04  0.346664531385E-05
 -0.349836601769E-05  0.643581299199E-05 -0.784254820347E-02
 -0.474354875498E-01  0.552915548561E-01  0.542819225416E-01
  -9.74357992231       9.72074037561      0.166844984552E-02
  0.100919581475E-01 -0.117593542793E-01 -0.115471550050E-01
   2.07302186662      -2.06816259935     -0.127159193051E-03
 -0.766731419711E-03  0.893046335457E-03  0.877288199067E-03
 -0.157388625488      0.157019698374    
  
 -0.344537614898E-07  0.208553771715E-06 -0.289623949197E-06
  0.343712017239E-06  0.134423967485E-07 -0.330623466346E-02
 -0.330001838811E-02  0.172965098159E-04  0.225360001277E-04
  0.224708472132E-04 -0.148110377717E-06  0.326219905736E-04
  0.325515234501E-04 -0.488584230297E-06  0.338186270236E-05
  0.337599625610E-05 -0.301608267096E-07  0.720312898632E-02
 -0.470009485011E-01  0.397991251873E-01 -0.396142383663E-01
   9.72114047428       9.74330238166     -0.153153066584E-02
  0.999746197422E-02 -0.846627409528E-02  0.842727781359E-02
  -2.06799560538      -2.07271015966      0.116297436020E-03
 -0.759190066404E-03  0.642744216914E-03 -0.639807708572E-03
  0.157003267777      0.157361199327    
  
  0.730024087473E-05 -0.940737594289E-03  0.146379015084E-02
 -0.157095381426E-02 -0.615853606296E-04 -0.524920737148E-03
  0.539108883628E-03  0.459747935420E-02 -0.631359948057E-05
  0.689020399803E-05 -0.562400237451E-05  0.819326406962E-04
 -0.814860535619E-04 -0.650511194747E-04 -0.541408699032E-05
  0.540177372144E-05 -0.863564883166E-05 -0.530767746381E-01
 -0.321554051564E-01  0.861180808249E-01  -13.7594976733    
 -0.661612823922E-01  0.913222475457E-02  0.125243075339E-01
  0.809114493886E-02 -0.169304829468E-01   2.91567771514    
  0.140198748728E-01 -0.193566687479E-02 -0.646258178718E-03
 -0.310484900250E-03  0.158807220529E-02 -0.220824634656    
 -0.106153611054E-02  0.146294583447E-03
  
 -0.314382585919E-07 -0.383604413297E-05  0.528849396680E-05
 -0.562311953151E-05 -0.218058403712E-06  0.251602677613E-03
  0.233314137151E-03  0.882756054648E-05 -0.521152393041E-04
 -0.517774070147E-04 -0.201062715506E-06  0.349799893348E-05
  0.346465613376E-05 -0.904984806340E-07 -0.333352208239E-05
 -0.329965383211E-05 -0.289603760051E-07   6.88009129291    
  -6.88025838718      0.171377772368E-03 -0.209135478059E-01
 -0.103496921392E-01 -0.663060537033E-01  -1.45786635299    
   1.45791123604     -0.314606621898E-04  0.443164082066E-02
  0.219415001824E-02  0.140514198199E-01  0.110420977947    
 -0.110422193229      0.348470443237E-05 -0.335639391106E-03
 -0.165971237754E-03 -0.106399404075E-02
  
   1.62195463939       7.63688242895       4.04996081600    
  -5.90357615059     -0.234496557993      0.877159490142E-04
 -0.857399279498E-04  0.303578926751E-05 -0.125656447945E-04
  0.118326238770E-04  0.112302987251E-05 -0.115965201553E-04
  0.117132791421E-04  0.564445157280E-07  0.562395396487E-06
 -0.586127223312E-06 -0.773903773197E-08  -10.8007219243    
  -10.8007225909      -10.7600717095     -0.547417811471E-03
  0.576383381780E-04 -0.391012420536E-03   3.36163678849    
   3.36163680150       3.35525814642      0.344963766120E-04
 -0.919485749883E-05  0.612751770973E-04  0.647713133564    
  0.647713137228      0.648099787175      0.373968328546E-06
  0.531288083072E-06 -0.367159659863E-05
  
  -13.5796170385      -40.1803036236       15.9612612704    
   10.4625981308      0.402220187771      0.811932792583E-05
 -0.806523745067E-05  0.218581233502E-06 -0.691704242393E-05
  0.696187817371E-05  0.154557741532E-06  0.980657085181E-06
 -0.984501693684E-06 -0.288498902219E-07 -0.197157145124E-06
  0.197976858443E-06  0.398979962450E-08  -4.31399901920    
  -4.31399913051      -4.31201119945     -0.743308830651E-04
  0.268357513024E-05 -0.192030381583E-04  -7.25465086232    
  -7.25465083669      -7.25513371467      0.169389408773E-04
 -0.676536718272E-06  0.468802956449E-05 -0.746314556841    
 -0.746314558972     -0.746272159015     -0.140610369884E-05
  0.597285017620E-07 -0.411500164891E-06
    35    35
   1.00000000000       1.00000000000       1.00000000000    
   1.00000000000       0.00000000000       0.00000000000    
   0.00000000000       0.00000000000       0.00000000000    
   0.00000000000       0.00000000000       0.00000000000    
   0.00000000000       0.00000000000       0.00000000000    
   0.00000000000       0.00000000000       0.00000000000    
   0.00000000000       0.00000000000       0.00000000000    
   0.00000000000       0.00000000000       0.00000000000    
   0.00000000000       0.00000000000       0.00000000000    
   0.00000000000       0.00000000000       0.00000000000    
   0.00000000000       0.00000000000       0.00000000000    
   0.00000000000       0.00000000000    
  
   1.01090773590      0.653029366158E-02 -0.232869778405E-01
 -0.337125231882E-02 -0.663556160244E-04  0.130939767896E-06
  0.269403124481E-04  0.103124558755E-05 -0.735196404327E-06
 -0.387417538300E-05 -0.424241994694E-06 -0.334207682376E-06
 -0.273525260428E-06 -0.366291433881E-08 -0.216807497171E-07
 -0.113397847772E-06 -0.999289472621E-08  0.453182845828E-01
  0.453187773186E-01  0.443016295476E-01  0.148054533940E-04
 -0.245652076775E-05  0.108698594852E-04  0.779680003862E-02
  0.779688143426E-02  0.786068284928E-02 -0.837493037652E-06
  0.688314034179E-07 -0.605493649529E-06  0.229649695455E-03
  0.229641864958E-03  0.216839588975E-03  0.152516833956E-06
 -0.244626755506E-07  0.130459573466E-06
  
 -0.409768920550E-02 -0.991784335419     -0.506546511179E-02
 -0.940542816722E-03  0.609770038530E-03 -0.166220622710E-02
  0.180476265154E-02  0.477453985519E-05 -0.976243617814E-04
  0.954918329864E-04  0.214515482017E-05  0.518380910505E-04
 -0.555030334697E-04  0.271459706343E-06  0.110543499351E-04
 -0.119490986180E-04 -0.844740516101E-07 -0.582751276079E-02
 -0.583593903330E-02  0.122987352599E-01 -0.187877603736E-03
  0.701422085315E-04 -0.220203400857E-03 -0.245494296613E-02
 -0.245826056483E-02  0.157070784693E-02 -0.732943548724E-04
  0.143941460707E-04 -0.477246336744E-04 -0.875444219052E-04
 -0.879189053608E-04  0.118778653695E-02  0.242863603584E-04
  0.337760897511E-05 -0.137666332255E-04
  
 -0.545206365630E-05  0.541071120044E-04 -0.816796086850E-05
  0.548059847998E-06  0.215150423654E-05   1.18416028468    
   1.23690191493      0.516204879497E-02  0.114136939501E-01
  0.119193158957E-01  0.504283576768E-04  0.220110686088E-02
  0.230189677685E-02  0.930547684161E-05 -0.151416734462E-02
 -0.158046554438E-02 -0.662706416355E-05  0.150898960436E-01
 -0.150415118101E-01  0.125350610192E-04 -0.743235177607E-03
 -0.111842129394E-02 -0.118788645278E-02  0.573965858976E-02
 -0.572525328427E-02  0.462218028125E-05 -0.286685847325E-03
 -0.380054179254E-03 -0.409702994710E-03  0.167294278447E-02
 -0.167061206357E-02 -0.335749131547E-06 -0.838952360698E-04
 -0.457539369305E-04 -0.571067475788E-04
  
 -0.393496571254E-04  0.102729647686E-02  0.218883768002E-05
  0.351327919243E-04  0.268912866553E-04  -1.23610429111    
   1.18333204738      0.806402251783E-02 -0.118978362541E-01
  0.113873335835E-01  0.879786149018E-04 -0.241406217233E-02
  0.231364742851E-02  0.171030217535E-04  0.153362830948E-02
 -0.146706308505E-02 -0.102922170244E-04 -0.304307543712E-03
  0.468325495595E-03 -0.650451792132E-05 -0.294664641802E-01
 -0.120536265066E-02  0.113708856375E-02 -0.154217281210E-03
  0.137435700933E-03 -0.140412982855E-04 -0.112957075661E-01
 -0.403232238853E-03  0.374595738998E-03 -0.316908453660E-04
  0.535646115459E-04 -0.120883106877E-04 -0.334602543442E-02
 -0.579465657466E-04  0.467230627578E-04
  
 -0.253705593588E-06 -0.332513757599E-05 -0.133044064236E-05
  0.193342501157E-05 -0.307558298030E-06 -0.221037452928E-02
  0.900276206563E-02  -1.65009303896     -0.949299477579E-05
  0.464450476544E-04 -0.902058610233E-02 -0.111957225619E-04
  0.483329450365E-04 -0.899708257204E-02 -0.429303657408E-05
  0.187504661401E-04 -0.351413185018E-02  0.261279983776E-05
  0.315520060881E-06 -0.482826304040E-06  0.145408092517E-02
 -0.542424692252E-03  0.538859863000E-03  0.170852978692E-06
 -0.346868800572E-06  0.315441641100E-05  0.503753057686E-03
 -0.120132885847E-03  0.119316725797E-03 -0.714852473584E-07
 -0.236505774062E-06  0.484947083105E-06  0.701834080735E-04
 -0.363077941398E-04  0.366835951206E-04
  
  0.354574445013E-01  0.387259072966      0.829005834957    
 -0.464016430668     -0.416327958574      0.541411779490E-03
 -0.525402683984E-03  0.253907852023E-04 -0.101131455562E-03
  0.102562024059E-03 -0.516193562893E-05  0.115007679315E-03
 -0.117032015467E-03  0.584722330187E-05 -0.125711516941E-03
  0.128347484048E-03 -0.430979153026E-05 -0.134124003830    
 -0.134121477148     -0.132412083902      0.117545843001E-02
  0.126888249847E-04 -0.215904594846E-04  0.307325871031    
  0.307324118931      0.306046137707     -0.843533813257E-03
 -0.915438005978E-05  0.162675076356E-04  0.208092665899    
  0.208093625910      0.208759480333      0.442447808162E-03
  0.472730161440E-05 -0.838978490605E-05
  
  0.434274358110E-04  0.673154059430E-03  0.110949446915E-02
 -0.579179800591E-03 -0.590994076196E-03 -0.496157688940    
  0.495384137733      0.332255531211E-02  0.900363380090E-01
 -0.898984506816E-01 -0.600609539687E-03 -0.110838178023    
  0.110668316157      0.742142970567E-03  0.953636639170E-01
 -0.952177709268E-01 -0.638528571188E-03 -0.212952241637E-03
 -0.207747729822E-03 -0.147236135431E-03  0.313906870884E-04
 -0.479639607652E-03  0.480051690513E-03  0.416108010738E-03
  0.413226045121E-03  0.427484569376E-03 -0.293264841033E-03
 -0.242085440179E-04  0.229220285530E-04  0.290927889446E-03
  0.293423133889E-03  0.291926175829E-03 -0.321529555891E-04
 -0.131805437129E-04  0.130899577687E-04
  
 -0.391267382866E-07  0.126344428188E-04  0.169800654401E-04
 -0.104115365809E-04 -0.759604817448E-05  0.494776834293    
  0.495505519844      0.207167051926E-02 -0.899259124695E-01
 -0.900609085132E-01 -0.375859298892E-03  0.110597242974    
  0.110763155770      0.462399121969E-03 -0.952110178709E-01
 -0.953541036053E-01 -0.398018287029E-03  0.886375039372E-04
 -0.939334362736E-04 -0.279461991187E-05 -0.465329109827E-05
 -0.491839717398E-03 -0.491876454029E-03  0.251607363160E-03
 -0.239030310225E-03  0.665618522557E-05  0.164750383448E-06
 -0.131004275341E-04 -0.150859534103E-04 -0.182166565922E-04
  0.271194425264E-04  0.425926531001E-05 -0.111791946738E-05
 -0.177438875294E-04 -0.175291294788E-04
  
 -0.172491790264E-05 -0.158631471043E-04 -0.419342797780E-04
  0.281135509239E-04  0.164303760820E-04  0.101052888379E-02
 -0.429343965568E-02  0.787680937922     -0.160882006716E-03
  0.685767754823E-03 -0.125784913128      0.200769794559E-03
 -0.861841493505E-03  0.158467859810     -0.170822169231E-03
  0.733557196164E-03 -0.134879079997      0.606845646330E-05
  0.643902461546E-05  0.761620210327E-05 -0.768805044945E-03
  0.100049282257E-03 -0.941595623757E-04 -0.165346953296E-04
 -0.159630360920E-04 -0.177643712730E-04 -0.529283546203E-04
  0.126598932764E-03 -0.129377697245E-03 -0.968593714357E-05
 -0.991332836298E-05 -0.911499595269E-05 -0.267743625856E-04
 -0.507818519819E-04  0.524127385572E-04
  
 -0.685700334361E-01  0.221480608647      -2.49167491113    
   2.05077199026      0.579141158299     -0.778556580024E-04
  0.101289119882E-03  0.459165270137E-04  0.295358244795E-03
 -0.301717913316E-03  0.528548178893E-05 -0.335998324369E-03
  0.342528997085E-03 -0.102064914384E-04  0.464025904481E-04
 -0.475561242683E-04  0.864697839248E-06  0.391479854687    
  0.391536855758      0.409805946001      0.248797735007E-01
  0.263627281141E-03 -0.304987996586E-03 -0.982682174146    
 -0.982712166659     -0.993188579203     -0.131496551176E-01
 -0.140945117768E-03  0.169977639169E-03 -0.663868671971    
 -0.663840793242     -0.654767379524      0.121686165936E-01
  0.129068873090E-03 -0.150780902758E-03
  
  0.194524084299E-04 -0.542218025056E-04  0.704471750040E-03
 -0.580862315750E-03 -0.162829688182E-03 -0.117266967840E-02
  0.117833094161E-02 -0.706689459889E-03 -0.132461464659E-03
  0.133616248982E-03 -0.219477636424E-03  0.266161720597E-03
 -0.267794613150E-03  0.270666875641E-03 -0.241348632730E-04
  0.243769964118E-04 -0.484206930228E-04  0.188880551756E-03
  0.273361575342E-02 -0.326221583744E-02 -0.613452104952E-03
  0.623013462801     -0.621765892397      0.124513504149E-03
 -0.119328527212E-02  0.191099273634E-02  0.304309516969E-03
 -0.322604087106      0.321958025454      0.334780413696E-03
  0.157585586188E-02 -0.134814591971E-02 -0.301552608157E-03
  0.303825306838     -0.303216937193    
  
 -0.328919457689E-06  0.108661156303E-05 -0.121506122466E-04
  0.100696179860E-04  0.274877965148E-05 -0.118010719476E-02
 -0.117779630847E-02 -0.203302621577E-05 -0.131516532253E-03
 -0.131261930248E-03 -0.332937161434E-05  0.268303404143E-03
  0.267790724960E-03  0.296691143584E-05 -0.232751780221E-04
 -0.232287024538E-04 -0.676331595823E-06  0.720658253353E-03
  0.183358633084E-02 -0.254852034960E-02  0.253777658695E-02
 -0.621632126836     -0.622838511140     -0.382712614874E-03
 -0.946357230266E-03  0.131461940411E-02 -0.131299396183E-02
  0.321599235846      0.322223403049      0.346834842315E-03
  0.890684585812E-03 -0.124704061012E-02  0.123780395037E-02
 -0.303182400959     -0.303770800829    
  
 -0.210488251132E-02  0.688055647207E-02 -0.770582877142E-01
  0.635646386715E-01  0.177708661963E-01  0.163429490800E-01
 -0.164334051907E-01 -0.173218608528E-02  0.206251511167E-03
 -0.203212459724E-03 -0.186718601738E-03 -0.247788004861E-04
  0.219936243766E-04  0.367105367326E-03 -0.275487294001E-04
  0.284714399825E-04 -0.318594695846E-04  0.512984366758E-01
  0.518472277281E-01 -0.660692427406E-01 -0.871281040665    
 -0.231249671148E-02 -0.277848683028E-03 -0.509577607516E-01
 -0.512439261679E-01  0.997865551952E-02  0.454641265817    
  0.122793871779E-02  0.126195708018E-03 -0.152697527688E-02
 -0.125965539016E-02 -0.587599739756E-01 -0.424427720037    
 -0.113130257689E-02 -0.129961161624E-03
  
  0.584956476825E-05 -0.215244658457E-04  0.218613548221E-03
 -0.180388056050E-03 -0.503583304501E-04  0.170878355319E-01
  0.169852078816E-01  0.706044560620E-04  0.324237496571E-03
  0.333808038885E-03  0.145173147519E-05 -0.228445263506E-03
 -0.238065814804E-03 -0.116428763802E-05  0.497895247413E-05
  0.723315292779E-05  0.421195350533E-07 -0.441271186960    
  0.440987735923      0.178307393860E-03  0.497265415196E-03
 -0.102189112352E-02  0.258361937503E-02  0.230328897576    
 -0.230043864357     -0.236676578077E-04 -0.259618350360E-03
  0.512553267825E-03 -0.136878803058E-02 -0.214887871766    
  0.214900200778      0.162204536771E-03  0.242283083545E-03
 -0.492191183512E-03  0.126413419284E-02
  
  0.113624629653E-02 -0.875523399207E-03  0.436500082849E-01
 -0.357125657628E-01 -0.102746833881E-01  0.252197961782E-02
 -0.255457090368E-02 -0.260448794449E-03  0.106271221259E-04
 -0.125759116214E-04 -0.245574672294E-04 -0.610610555962E-05
  0.963627309488E-05  0.523536174864E-04 -0.478107365110E-05
  0.448207262235E-05 -0.425220871183E-05 -0.257642154129    
 -0.257910725638      0.494814469605     -0.136554371168    
  0.381254062536E-03 -0.710077244205E-02  0.148182845716    
  0.148322853329     -0.241980331395      0.711314301755E-01
 -0.194163015444E-03  0.367973248088E-02 -0.110509333531    
 -0.110640243278      0.256643877615     -0.665556601510E-01
  0.185548658347E-03 -0.346401339061E-02
  
  0.830365570021E-04  0.404059387533E-04  0.264071579000E-02
 -0.236280326156E-02 -0.423459409509E-03  0.839514422499    
 -0.838051001681     -0.548756388355E-02  0.543966972637    
 -0.543024315825     -0.356188029361E-02 -0.566823808357    
  0.565841687098      0.370841698482E-02  0.700675022988E-01
 -0.699461522019E-01 -0.458473377678E-03 -0.255703458854E-03
 -0.244250637125E-03 -0.487390993969E-03  0.141965381090E-03
  0.156153311173E-02 -0.156170343790E-02  0.914556074096E-03
  0.908006541954E-03  0.991266240232E-03  0.168633869609E-03
 -0.434949969274E-03  0.435716518013E-03  0.598754519969E-03
  0.602485262469E-03  0.583380596306E-03  0.230690730775E-04
  0.176079104585E-03 -0.176137366020E-03
  
 -0.188323529719E-05  0.479642426139E-05 -0.257531992932E-04
  0.231455583969E-04  0.386132771545E-05  0.837948786197    
  0.839371885526      0.350995110009E-02  0.542760907869    
  0.543688080996      0.227302716622E-02 -0.565842534709    
 -0.566809270397     -0.236951198194E-02  0.699549680957E-01
  0.700745391338E-01  0.292935827273E-03  0.886852247329E-03
 -0.881058978634E-03  0.496092260163E-05 -0.524985221091E-05
 -0.156666245796E-02 -0.157136822774E-02 -0.167348266931E-03
  0.148570087650E-03 -0.102313034079E-04 -0.203384125408E-07
  0.443880661204E-03  0.444484793520E-03  0.980265925410E-04
 -0.109609192464E-03 -0.539984754900E-05  0.398573847164E-06
 -0.178836947339E-03 -0.179411590692E-03
  
 -0.632612637063E-06 -0.101463502066E-05 -0.179555230087E-05
  0.132854756867E-05  0.154706676240E-05 -0.144940846912E-02
  0.651232705308E-02  -1.21176161754     -0.914891698928E-03
  0.414444757501E-02 -0.772970977857      0.949836049487E-03
 -0.429626515705E-02  0.800884361275     -0.117167175358E-03
  0.530128515883E-03 -0.988300497331E-01  0.932667799686E-06
 -0.262654939764E-05  0.110720210399E-04  0.223622243928E-02
 -0.834684897579E-03  0.836271340627E-03  0.108593662856E-05
  0.206064635817E-05 -0.594830066944E-05 -0.608856228085E-03
  0.225273013017E-03 -0.227541484801E-03 -0.204070181212E-05
 -0.250956396294E-05  0.135913062030E-05  0.248710122124E-03
 -0.105765400545E-03  0.107494149926E-03
  
 -0.211484582059      -1.38086555049      -6.11778493734    
   5.93818704886      0.489508697549     -0.302121121087E-04
  0.150348867151E-04 -0.248852838979E-05  0.340568214386E-03
 -0.344690159457E-03  0.231866834893E-06 -0.154243467899E-03
  0.156470659813E-03  0.109142237385E-05  0.188598369233E-04
 -0.191294335993E-04  0.185942705005E-07  0.908379437279    
  0.908382512007      0.908699936316      0.134517578553E-02
  0.123781717290E-04 -0.102786890794E-04  -2.21054360399    
  -2.21054882484      -2.20474480521     -0.227275117077E-02
 -0.902117430923E-05 -0.481464154541E-04  -1.03585701594    
  -1.03585640319      -1.03698409483      0.243046502780E-03
  0.572784713694E-07  0.102584770122E-04
  
  0.607865705045E-06 -0.764281161436E-05  0.132434131536E-04
 -0.132181614147E-04 -0.124404417924E-05  0.169291520388E-02
 -0.170052381501E-02  0.104003969777E-02 -0.907202508396E-03
  0.911244532156E-03 -0.542174844211E-03  0.984935835032E-04
 -0.989324588649E-04  0.586486590683E-04 -0.296220112802E-04
  0.297662818343E-04 -0.208385378747E-04  0.402203073852E-03
  0.283039642321E-02 -0.324091019412E-02 -0.312795043310E-02
  0.599385955077     -0.598154201809     -0.132806750458E-02
 -0.929730247419E-02  0.106375235770E-01  0.102758778943E-01
  -1.96755278328       1.96350909312      0.170723131397E-03
  0.117653411980E-02 -0.133949942553E-02 -0.129750235882E-02
  0.248327973116     -0.247817613020    
  
 -0.661427135507E-07 -0.429092451248E-06 -0.413046595354E-06
  0.456242783604E-06  0.403908543607E-07  0.169666836943E-02
  0.169366364332E-02  0.248223676437E-06 -0.914786196321E-03
 -0.912960690127E-03 -0.748458114746E-06  0.100548929889E-03
  0.100350752965E-03  0.287948767179E-06 -0.297372466180E-04
 -0.296781829118E-04 -0.694741300182E-07 -0.404914374017E-03
  0.286519271821E-02 -0.245936408666E-02  0.242157723721E-02
 -0.597680210431     -0.598870633129      0.133235080662E-02
 -0.941346215516E-02  0.808075070502E-02 -0.795398880158E-02
   1.96352207933       1.96743256607     -0.168389605942E-03
  0.118836714256E-02 -0.102019792163E-02  0.100411200544E-02
 -0.247874104036     -0.248367759672    
  
  0.216593713360E-03  0.412122058385E-02  0.263654061723E-01
 -0.252065501927E-01 -0.155331671716E-02 -0.809698797711E-03
  0.807494466426E-03  0.231811059446E-03 -0.114336044944E-03
  0.124366866829E-03 -0.123415433414E-03  0.175930894857E-04
 -0.187472215593E-04  0.142332079560E-04 -0.243917682098E-05
  0.275156826198E-05 -0.407173863574E-05  0.242449387087    
  0.242262474667     -0.491687068133     -0.785301146757E-01
 -0.132711211570E-02  0.703616065885E-02 -0.787403582232    
 -0.786793984973       1.61067860238      0.255978690369    
  0.432466224966E-02 -0.229748542916E-01  0.104767228110    
  0.104690457830     -0.197792382644     -0.322256410166E-01
 -0.545309748754E-03  0.289864375890E-02
  
 -0.255868552246E-06 -0.856132197834E-06 -0.144519876419E-04
  0.140757728879E-04  0.992067053706E-06 -0.114277646441E-01
 -0.112631866915E-01 -0.359769122549E-04  0.718477948067E-03
  0.719741590974E-03 -0.248066156577E-05 -0.801300813948E-04
 -0.807449975004E-04  0.261189061653E-06  0.476808965994E-04
  0.475038541372E-04  0.177787460830E-07 -0.425886647560    
  0.425788065572      0.104635020087E-03 -0.360079273419E-02
  0.590462987200E-03  0.406488611138E-02   1.39028816191    
  -1.38996409831     -0.341650505589E-03  0.117549872944E-01
 -0.189351615188E-02 -0.132372438125E-01 -0.175162436936    
  0.175115309942      0.400324842682E-04 -0.148102780094E-02
  0.239106678106E-03  0.166828332558E-02
  
 -0.203996759029E-03 -0.145609692881E-02 -0.749470640029E-02
  0.729520942500E-02  0.514152055570E-03 -0.102147657270E-01
  0.103915520667E-01  0.244584832351E-02  0.103403219842E-03
 -0.116846387952E-03 -0.127493781233E-02 -0.634047307458E-05
  0.776263433555E-05  0.138063443462E-03  0.238011309766E-04
 -0.245669396907E-04 -0.416488393256E-04 -0.197685101171E-01
 -0.233671446750E-01  0.462082014258E-01 -0.848034351286    
 -0.385725983250E-02 -0.154687124002E-03  0.649947272677E-01
  0.767421959291E-01 -0.150840805086       2.76844504678    
  0.125553178615E-01  0.547057243203E-03 -0.980462142412E-02
 -0.112846338866E-01  0.174492871667E-01 -0.348793967630    
 -0.158206605127E-02 -0.691942532911E-04
  
 -0.198442215763E-03  0.421073809265E-03 -0.898671559009E-02
  0.904867163239E-02  0.415140815474E-03   3.22618661556    
  -3.21784619189     -0.194634057787E-01  -2.37986899410    
   2.37371801917      0.143544194623E-01  0.228724297204    
 -0.228133093612     -0.137928740515E-02 -0.567866067120E-01
  0.566398336512E-01  0.342528037175E-03  0.197662110998E-02
  0.197799007849E-02  0.190932897474E-02 -0.130932451270E-03
  0.247701683502E-03 -0.248278292928E-03 -0.537034403250E-02
 -0.536853589030E-02 -0.546920550214E-02  0.278884280830E-03
  0.634494252717E-03 -0.634202005771E-03 -0.124546644644E-02
 -0.124582765062E-02 -0.123560628749E-02 -0.327924854870E-04
 -0.689120311085E-04  0.688749251530E-04
  
 -0.394049826530E-06 -0.150584727356E-06 -0.597096374321E-04
  0.605609465177E-04  0.279243676873E-05  -3.21772953010    
  -3.22598376308     -0.135053978069E-01   2.37382237534    
   2.37991328385      0.996324438557E-02 -0.228200153041    
 -0.228785636752     -0.957748085033E-03  0.566453167692E-01
  0.567906579859E-01  0.237747806435E-03 -0.238871683459E-03
  0.267615070304E-03  0.140591391386E-04 -0.494286204406E-07
  0.233014420919E-03  0.234524461427E-03 -0.433110568849E-03
  0.361296706946E-03 -0.366926141888E-04  0.423953644787E-05
  0.642490402080E-03  0.644139552916E-03  0.385953192542E-04
 -0.552976900524E-04 -0.825135744753E-05 -0.390953933117E-06
 -0.694380771634E-04 -0.696492262178E-04
  
  0.575994228700E-08 -0.185982017245E-05  0.747171056869E-05
 -0.736671654636E-05 -0.520899668993E-06 -0.424094500075E-02
  0.233130832756E-01  -4.55836572964      0.312686079280E-02
 -0.171867836291E-01   3.36036761387     -0.299916651663E-03
  0.164768506757E-02 -0.322108908282      0.745969265307E-04
 -0.410039235325E-03  0.801717867310E-01  0.732495263227E-05
  0.568780520101E-05  0.293432055038E-06  0.354020270940E-03
 -0.391727346146E-03  0.391518539517E-03  0.201500550944E-05
  0.110605827685E-05  0.874172582759E-05  0.895532131578E-03
 -0.210421389429E-03  0.210312147102E-03  0.140395248532E-05
  0.152507693081E-05  0.690003626509E-06 -0.973871815876E-04
  0.279396352194E-04 -0.280296653102E-04
  
  0.241335248395     -0.176300423501       7.76027178319    
  -7.94120261316     -0.347665218753      0.356470290412E-02
 -0.361129020356E-02 -0.153515241707E-04 -0.258722128550E-02
  0.261495172407E-02  0.127800072248E-04  0.232475888889E-03
 -0.235181236845E-03 -0.125308631810E-05 -0.602196605965E-04
  0.608959956044E-04  0.237810010815E-06  -2.01529252752    
  -2.01529340993      -1.99820213342     -0.651581974245E-03
  0.237464165080E-04 -0.168673708085E-03   4.84772705378    
   4.84772750001       4.84030045473      0.233863768979E-03
 -0.987110920877E-05  0.720844535044E-04   1.06826103057    
   1.06826098518       1.06888984120     -0.333844865739E-04
  0.684770561685E-06 -0.600895524308E-05
  
 -0.466131836261E-07  0.445782295420E-05  0.331583785064E-06
  0.323317846592E-07 -0.449725853315E-07 -0.409907800201E-03
  0.412476298541E-03 -0.405008519513E-03  0.409440200189E-04
 -0.415027738525E-04  0.117122951371E-03  0.562808490885E-04
 -0.565519064802E-04  0.326235620489E-04 -0.154984738786E-05
  0.155262622020E-05  0.283614906494E-06  0.776975656335E-02
  0.463933306874E-01 -0.541595100260E-01 -0.501495592597E-01
   9.74148612273      -9.71650368796     -0.164426285299E-02
 -0.981570867803E-02  0.114581089792E-01  0.106108226292E-01
  -2.06097544467       2.05568991354      0.124508341146E-03
  0.743115862330E-03 -0.867389735221E-03 -0.803361237359E-03
  0.156021747009     -0.155621613865    
  
 -0.242082837896E-07 -0.378936161685E-06  0.338927011944E-06
 -0.345407308431E-06 -0.155440189357E-07  0.402256853205E-03
  0.401500013425E-03 -0.650220930636E-07 -0.373075070953E-04
 -0.371983811395E-04 -0.195580258092E-06 -0.565445655741E-04
 -0.564028721531E-04  0.583016982925E-08  0.160811519702E-05
  0.160403067147E-05  0.739767411137E-08  0.583402681829E-02
 -0.458524189718E-01  0.400195395909E-01 -0.385328980474E-01
   9.71698117866       9.74128900553     -0.123412573297E-02
  0.970190925313E-02 -0.846694014626E-02  0.815274272918E-02
  -2.05590789011      -2.06105083277      0.935266415323E-04
 -0.734446009354E-03  0.641075692540E-03 -0.617223626845E-03
  0.155645766743      0.156035117757    
  
 -0.846291767511E-04 -0.274419201218E-03 -0.929352802603E-04
  0.211233078825E-03  0.475689960363E-05 -0.207125128442E-02
  0.220607619513E-02  0.587329546873E-03 -0.363858088345E-04
  0.338704628598E-04 -0.573695744329E-04  0.303666764284E-06
 -0.248086829359E-05 -0.794312907127E-04  0.130760067848E-05
 -0.136205583079E-05  0.216429733976E-05 -0.390313053676    
 -0.630927827649E-01  0.455218189753       13.7322858457    
  0.638105244897E-01 -0.131984023155E-01  0.824546696452E-01
  0.132532942861E-01 -0.963465271648E-01  -2.90413942125    
 -0.134952543618E-01  0.279150366429E-02 -0.626575896654E-02
 -0.102922554716E-02  0.726409307814E-02  0.219758615766    
  0.102100716415E-02 -0.211062539853E-03
  
 -0.173760755078E-05 -0.525330369792E-05 -0.177139095685E-05
  0.428662738996E-05  0.873134640704E-07 -0.255520036974E-02
 -0.243607603786E-02  0.380324656254E-05  0.576665061216E-04
  0.600114481616E-04 -0.113419610624E-05  0.382837432583E-04
  0.382386526303E-04 -0.173521613242E-05  0.111681912445E-05
  0.102054734035E-05  0.558441230506E-07   6.87263124507    
  -6.88221402051      0.962137450260E-02  0.326777350829    
 -0.763966833882E-02 -0.641826106694E-01  -1.45344403303    
   1.45546694452     -0.203626901754E-02 -0.691077515489E-01
  0.161646743524E-02  0.135743758183E-01  0.109982887449    
 -0.110137008511      0.153559180094E-03  0.522943475718E-02
 -0.122183185184E-03 -0.102703031551E-02
  
 -0.284532102121E-02 -0.102652102992E-01 -0.150379122923E-01
  0.184947703749E-01  0.740555268894E-03  0.154538230595E-03
 -0.159139504955E-03 -0.383369846268E-04 -0.459186042225E-05
  0.502747922255E-05  0.566270946910E-05 -0.709478316354E-05
  0.779256894787E-05  0.440917308044E-05  0.188626642353E-06
 -0.211631252973E-06 -0.593343264385E-07  -3.94550240425    
  -3.94707050288       7.94944103868     -0.787773665857    
  0.138452695146E-01 -0.114675205071      0.827238338352    
  0.827570002772      -1.68860459266      0.166633980554    
 -0.292811165779E-02  0.242542028027E-01 -0.656804641884E-01
 -0.657055694881E-01  0.124746682367     -0.126129943091E-01
  0.221632345946E-03 -0.183583183741E-02
  
   1.62236579944       7.64050322434       4.03001874940    
  -5.88407332739     -0.233711554072     -0.104456507116E-03
  0.109643560497E-03 -0.279013080540E-05  0.791388554852E-04
 -0.793488098698E-04  0.135639793690E-05 -0.100850002415E-04
  0.101500965835E-04  0.104345663633E-06  0.212550131579E-05
 -0.214238271624E-05  0.116164401121E-07  -10.7877150870    
  -10.7877157102      -10.7696670998     -0.454911917064E-03
  0.257723548241E-04 -0.174850148635E-03   3.34785169862    
   3.34785181157       3.34471126824      0.104914658326E-03
 -0.426312862039E-05  0.303686636295E-04  0.645190233018    
  0.645190211520      0.645405661398     -0.100651246918E-04
  0.263446821487E-06 -0.206855898169E-05
  
  -13.5793034109      -40.1802786535       15.9627589299    
   10.4609921994      0.402147525084      0.109499085065E-04
 -0.998446190840E-05 -0.219301890980E-06 -0.536529297116E-05
  0.539037733167E-05  0.175311837305E-06  0.218614583500E-06
 -0.222434243739E-06 -0.266587976878E-07 -0.125733780279E-06
  0.124865490375E-06  0.603031225752E-08  -4.31407292349    
  -4.31407293282      -4.31421529489      0.635946234034E-05
 -0.169740452728E-06  0.142455003973E-05  -7.25373780351    
  -7.25373781244      -7.25375463104     -0.256038126633E-05
 -0.518140726055E-07  0.164151223625E-06 -0.746087094870    
 -0.746087095612     -0.746083709764      0.359962444706E-06
  0.981277806988E-08 -0.349267108786E-07
