 
  -100.11717371071438     
     5    0        5    0
         0.0000000000        0.0000000000        0.0000000000    1   1
         0.9000000000        0.9000000000        0.9000000000    1   2
        -0.9000000000       -0.9000000000        0.9000000000    1   3
        -0.9000000000        0.9000000000       -0.9000000000    1   4
         0.9000000000       -0.9000000000       -0.9000000000    1   5
  
  
  
  
       0.000000000032     -0.000000000001     -0.000000000000
       0.000147996533      0.000147996535      0.000147996535
      -0.000147996535     -0.000147996533      0.000147996536
      -0.000147996535      0.000147996536     -0.000147996533
       0.000147996533     -0.000147996532     -0.000147996532
 
  -100.00186526712096     
     5    4        5    4
         0.0000000000        0.0000000000        0.0000000000    1   1
         0.9000000000        0.9000000000        0.9000000000    1   2
        -0.9000000000       -0.9000000000        0.9000000000    1   3
        -0.9000000000        0.9000000000       -0.9000000000    1   4
         0.9000000000       -0.9000000000       -0.9000000000    1   5
  
  
         0.0000000000        0.0000000000        0.0000000000    1   1
         0.9000000000        0.9000000000        0.9000000000    1   2
        -0.9000000000       -0.9000000000        0.9000000000    1   3
        -0.9000000000        0.9000000000       -0.9000000000    1   4
  
  
      -0.000030130091      0.000020869002     -0.000035869056
       0.000113088825      0.000103580647      0.000074356480
      -0.000102938186     -0.000112312462      0.000074102750
      -0.000117847937      0.000118729194     -0.000059734660
       0.000094363539     -0.000093620381     -0.000097760378
      -0.018556367615      0.018523785506      0.000110399635
      -0.014434045780      0.012308702234      0.000301548498
      -0.012297661759      0.014534605448      0.000332104580
      -0.007455278944      0.007454581908      0.002388768385
 
  -100.00438677517108     
     5    4        5    4
         0.0000771049       -0.0000534051        0.0000917914    1   1
         0.8997105983        0.8997349304        0.8998097168    1   2
        -0.8997365744       -0.8997125849        0.8998103661    1   3
        -0.8996984195        0.8996961642       -0.8998471350    1   4
         0.8997585176       -0.8997604192       -0.8997498247    1   5
  
  
         0.0474869647       -0.0474035849       -0.0002825198    1   1
         0.9369376722        0.8685012218        0.8992283176    1   2
        -0.8685294750       -0.9371950108        0.8991501225    1   3
        -0.8809214512        0.8809232348       -0.9061130154    1   4
  
  
      -0.000006614468      0.000004442646     -0.000006287347
       0.000113441704      0.000102092371      0.000074933966
      -0.000101428033     -0.000112644132      0.000074840309
      -0.000117662704      0.000118753077     -0.000059490529
       0.000095168526     -0.000094215540     -0.000096261270
       0.021992939604     -0.022024218150     -0.000130534582
      -0.012420651016      0.010036948146      0.000516522236
      -0.010017904606      0.012504905545      0.000548242921
      -0.007560968319      0.007555673429      0.002616262958
 
  -100.00610522622337     
     5    4        5    4
         0.0001179379       -0.0000815232        0.0001385267    1   1
         0.8994526315        0.8995007931        0.8996396940    1   2
        -0.8995039261       -0.8994564112        0.8996407320    1   3
        -0.8994302501        0.8994257406       -0.8997113830    1   4
         0.8995426618       -0.8995465038       -0.8995289553    1   5
  
  
         0.0418349637       -0.0416789212       -0.0002492607    1   1
         0.9674309465        0.8431535049        0.8982875574    1   2
        -0.8432163580       -0.9678980349        0.8981383974    1   3
        -0.8638178260        0.8638266298       -0.9118220305    1   4
  
  
       0.000005896747     -0.000004283621      0.000008840290
       0.000113630461      0.000101199124      0.000075216428
      -0.000100538054     -0.000112836958      0.000075203194
      -0.000117454687      0.000118636540     -0.000059357589
       0.000095601561     -0.000094556782     -0.000095368551
       0.014013187546     -0.014003503555     -0.000083009846
      -0.011640700614      0.009774206810      0.000508820965
      -0.009756839577      0.011713666748      0.000536348651
      -0.007457015747      0.007453912689      0.002689314621
 
  -100.01136752042397     
     5    4        5    4
         0.0002812697       -0.0001939957        0.0003254678    1   1
         0.8984207643        0.8985642439        0.8989596029    1   2
        -0.8985733329       -0.8984317165        0.8989621959    1   3
        -0.8983575723        0.8983440463       -0.8991683750    1   4
         0.8986792387       -0.8986908421       -0.8986454776    1   5
  
  
         0.0192269598       -0.0187802666       -0.0001162242    1   1
         1.0894040439        0.7417626375        0.8945245165    1   2
        -0.7419638902       -1.0907101315        0.8940914968    1   3
        -0.7954033252        0.7954402096       -0.9346580908    1   4
  
  
       0.000056061823     -0.000039269413      0.000069456793
       0.000114388900      0.000097625550      0.000076347328
      -0.000096975771     -0.000113611538      0.000076656153
      -0.000116616532      0.000118166331     -0.000058823662
       0.000097336548     -0.000095924281     -0.000091793739
      -0.003127747093      0.003207480985      0.000019484253
      -0.007244780104      0.007109145617      0.000358309448
      -0.007097758570      0.007277841249      0.000369418041
      -0.005858537474      0.005863524525      0.002423344511
 
  -100.01387206205141     
     5    4        5    4
         0.0002151105       -0.0001441013        0.0002155648    1   1
         0.8957743370        0.8962028747        0.8972091474    1   2
        -0.8962271600       -0.8958035581        0.8972125840    1   3
        -0.8956215741        0.8955813380       -0.8977847000    1   4
         0.8964542182       -0.8964893223       -0.8964198800    1   5
  
  
         0.0163355806       -0.0158903626       -0.0001074161    1   1
         1.3612048548        0.5083117888        0.8853584727    1   2
        -0.5088381553       -1.3642696098        0.8843338346    1   3
        -0.6314982386        0.6315510814       -0.9924087162    1   4
  
  
       0.000037242454     -0.000025892238      0.000035577998
       0.000114017162      0.000095945363      0.000075356021
      -0.000095722096     -0.000113669700      0.000075403838
      -0.000113878061      0.000114714378     -0.000058809287
       0.000096907377     -0.000096202738     -0.000090219384
       0.004846995634     -0.004750506847     -0.000027756357
       0.002915405381     -0.002927708663     -0.000197355578
       0.002917481726     -0.002930076173     -0.000199620954
       0.003507715697     -0.003522211678     -0.001543501688
 
  -100.01455395366418     
     5    4        5    4
        -0.0005870709        0.0004141689       -0.0006332210    1   1
         0.8944361896        0.8951106163        0.8963206187    1   2
        -0.8951369897       -0.8944689150        0.8963212819    1   3
        -0.8942996832        0.8942475652       -0.8971014336    1   4
         0.8953085769       -0.8953540318       -0.8953944552    1   5
  
  
         0.0137016864       -0.0150159853       -0.0001082892    1   1
         1.2834609570        0.5741786346        0.8887650549    1   2
        -0.5745337586       -1.2859886380        0.8878931789    1   3
        -0.6922476363        0.6924439188       -0.9692449441    1   4
  
  
      -0.000208132552      0.000145221959     -0.000237927687
       0.000108949461      0.000107003094      0.000069466274
      -0.000107507699     -0.000109350361      0.000067696341
      -0.000112589478      0.000110587122     -0.000059885008
       0.000089147101     -0.000091299150     -0.000100828196
       0.001218177951     -0.001728300557     -0.000008464314
       0.000332869941     -0.000037573913     -0.000044418103
       0.000031370262     -0.000327366273     -0.000045308986
      -0.000212235820      0.000179080906      0.000186503977
 
  -100.01455817574862     
     5    4        5    4
         0.0027037780       -0.0018820052        0.0031283190    1   1
         0.8926981991        0.8934060870        0.8952121536    1   2
        -0.8934244132       -0.8927245295        0.8952408603    1   3
        -0.8925045535        0.8924841525       -0.8961466510    1   4
         0.8938859007       -0.8938972517       -0.8937883812    1   5
  
  
         0.0162005796       -0.0094486135       -0.0001039926    1   1
         1.2760920807        0.5757995299        0.8896239815    1   2
        -0.5760493808       -1.2786878708        0.8887760013    1   3
        -0.6900324733        0.6907516895       -0.9718957371    1   4
  
  
       0.000839037841     -0.000585792086      0.001024257018
       0.000124395426      0.000057273634      0.000093400504
      -0.000054635549     -0.000122009628      0.000099242556
      -0.000114283357      0.000124192004     -0.000051714335
       0.000120557485     -0.000111143861     -0.000049674974
       0.001711246319      0.000468644875      0.000003536316
       0.000221480849      0.000105755877     -0.000040734592
      -0.000064399635     -0.000254345900     -0.000042382195
      -0.000229403124      0.000354325591      0.000223450427
 
  -100.01456572761244     
     5    4        5    4
         0.0011195658       -0.0007759161        0.0011884484    1   1
         0.8924029295        0.8932455435        0.8949958079    1   2
        -0.8932689288       -0.8924338691        0.8950136145    1   3
        -0.8922278221        0.8921884928       -0.8960175897    1   4
         0.8936069084       -0.8936361435       -0.8936456042    1   5
  
  
         0.0126366990       -0.0100066926       -0.0001095092    1   1
         1.2757044993        0.5753820671        0.8897076885    1   2
        -0.5757115525       -1.2782374460        0.8888632639    1   3
        -0.6892982190        0.6897830304       -0.9725038434    1   4
  
  
       0.000318188823     -0.000222289647      0.000354783749
       0.000117148284      0.000081315799      0.000080700140
      -0.000080309751     -0.000116081873      0.000082790573
      -0.000112216177      0.000116169933     -0.000056672413
       0.000104597720     -0.000100825869     -0.000074626134
       0.000217189195      0.000552560172      0.000006075690
       0.000235346378      0.000116162191     -0.000043343991
      -0.000099318069     -0.000248066450     -0.000044648148
      -0.000262046668      0.000306297521      0.000213196989
 
  -100.01457170537968     
     5    4        5    4
         0.0003143124       -0.0002125577        0.0002165109    1   1
         0.8910731296        0.8921452956        0.8941080706    1   2
        -0.8921722141       -0.8911082000        0.8941229347    1   3
        -0.8909042457        0.8908516415       -0.8953359890    1   4
         0.8924628935       -0.8925030793       -0.8926217555    1   5
  
  
         0.0110081513       -0.0104717895       -0.0001361108    1   1
         1.2718947542        0.5749852557        0.8902569198    1   2
        -0.5753862900       -1.2743715402        0.8894292496    1   3
        -0.6863861311        0.6867729245       -0.9750336934    1   4
  
  
       0.000067592216     -0.000046864844      0.000037186230
       0.000112778609      0.000092815233      0.000073989163
      -0.000092601011     -0.000112450220      0.000074239129
      -0.000110382984      0.000111415154     -0.000058732448
       0.000096386292     -0.000095479329     -0.000086138478
      -0.000405574990      0.000513356834      0.000008442531
       0.000240653612      0.000116941174     -0.000044811347
      -0.000111655226     -0.000243727622     -0.000045927335
      -0.000275471834      0.000280419028      0.000207614671
 
  -100.01459812900953     
     5    4        5    4
        -0.0020315550        0.0014269794       -0.0025992400    1   1
         0.8824373925        0.8848204236        0.8883830655    1   2
        -0.8848614735       -0.8824906012        0.8884002530    1   3
        -0.8822733094        0.8821678520       -0.8908622447    1   4
         0.8850827224       -0.8851606900       -0.8857966220    1   5
  
  
         0.0062116707       -0.0119382460       -0.0003248940    1   1
         1.2464366972        0.5729990699        0.8939038048    1   2
        -0.5737341562       -1.2486531197        0.8931841694    1   3
        -0.6678759807        0.6680725908       -0.9912329756    1   4
  
  
      -0.000680919031      0.000477429581     -0.000904691915
       0.000096931718      0.000124698468      0.000052467526
      -0.000126817978     -0.000099183531      0.000047403899
      -0.000102029945      0.000094561765     -0.000063680807
       0.000071051939     -0.000078857662     -0.000116516033
      -0.002165299066      0.000361994112      0.000022928057
       0.000248659406      0.000113342313     -0.000051059510
      -0.000139920529     -0.000225921778     -0.000051019265
      -0.000303802301      0.000194216578      0.000184768562
 
  -100.01464385102963     
     5    4        5    4
        -0.0043036137        0.0030082430       -0.0053200327    1   1
         0.8633865064        0.8684803369        0.8757917711    1   2
        -0.8685438644       -0.8634682314        0.8758344418    1   3
        -0.8631986810        0.8630086627       -0.8809428009    1   4
         0.8688401366       -0.8689666519       -0.8705751860    1   5
  
  
         0.0012126427       -0.0138189947       -0.0008163043    1   1
         1.1889935823        0.5697105667        0.9020709680    1   2
        -0.5710685350       -1.1907156017        0.9015860787    1   3
        -0.6279147902        0.6281251735       -1.0265623270    1   4
  
  
      -0.001500726775      0.001050211658     -0.001913722228
       0.000074286513      0.000152856383      0.000026781879
      -0.000157671896     -0.000080148487      0.000016456638
      -0.000088187064      0.000071926718     -0.000067571139
       0.000042876644     -0.000060279773     -0.000140030053
      -0.004149226498      0.000059737304      0.000049904799
       0.000236910948      0.000101489532     -0.000062114485
      -0.000158222474     -0.000194779976     -0.000058212991
      -0.000315414445      0.000079223215      0.000143996900
 
  -100.01472794958052     
     5    4        5    4
        -0.0062905561        0.0043851230       -0.0077603398    1   1
         0.8224460574        0.8332056465        0.8487621666    1   2
        -0.8333072462       -0.8225684182        0.8488741925    1   3
        -0.8221749009        0.8218297706       -0.8595589293    1   4
         0.8339304583       -0.8341249940       -0.8377607150    1   5
  
  
        -0.0022031278       -0.0164300085       -0.0021079175    1   1
         1.0649168004        0.5632264543        0.9197989933    1   2
        -0.5658654426       -1.0655680956        0.9197872053    1   3
        -0.5425001524        0.5431875134       -1.1021730518    1   4
  
  
      -0.002351426044      0.001642146215     -0.002933551775
       0.000039377806      0.000170465254     -0.000005619779
      -0.000179230998     -0.000050816144     -0.000020768096
      -0.000065090769      0.000039404858     -0.000072751420
       0.000011982361     -0.000040142746     -0.000146144273
      -0.006274040691     -0.000491119609      0.000075274727
       0.000325188688     -0.000067372937     -0.000093704550
      -0.000008845789     -0.000290220514     -0.000078133740
      -0.000078977720     -0.000283982961     -0.000019582751
 
  -100.01483821659639     
     5    4        5    4
        -0.0067699884        0.0047508658       -0.0086353322    1   1
         0.7656361326        0.7841834834        0.8112511164    1   2
        -0.7843103637       -0.7657629124        0.8114562094    1   3
        -0.7651959697        0.7646562623       -0.8297035755    1   4
         0.7853291696       -0.7855766318       -0.7923442284    1   5
  
  
         0.0048009884       -0.0184333331       -0.0042195760    1   1
         0.8912860847        0.5559908346        0.9449390163    1   2
        -0.5605950522       -0.8899500030        0.9454170333    1   3
        -0.4271485640        0.4288013864       -1.2054082286    1   4
  
  
      -0.002654266562      0.001863644151     -0.003330733818
       0.000004943351      0.000161080655     -0.000032632366
      -0.000173784068     -0.000021257245     -0.000048956722
      -0.000037095117      0.000006231144     -0.000083280707
      -0.000003991467     -0.000029836425     -0.000116715715
      -0.004192338847     -0.001353215914      0.000055273741
       0.000758201778     -0.000564335961     -0.000142644551
       0.000506312543     -0.000755072246     -0.000117461702
       0.000847498544     -0.001132088455     -0.000320114746
 
  -100.01473665794202     
     5    4        5    4
         0.0079134950       -0.0056630010        0.0101759731    1   1
         0.6870682195        0.7154562154        0.7595936292    1   2
        -0.7155000170       -0.6870501334        0.7600081171    1   3
        -0.6861800405        0.6855748255       -0.7875952356    1   4
         0.7179004047       -0.7179939370       -0.7291733315    1   5
  
  
         0.0035357680       -0.0070088759       -0.0071722074    1   1
         0.6403919635        0.5553388178        0.9813505147    1   2
        -0.5627899182       -0.6357118069        0.9822266850    1   3
        -0.2849457424        0.2877801299       -1.3427901926    1   4
  
  
       0.003269979755     -0.002349468945      0.004033313406
       0.000096789353     -0.000116361383      0.000110373713
       0.000133544185     -0.000084172011      0.000125406663
       0.000068044506     -0.000036258434     -0.000006005971
       0.000187536482     -0.000159783333      0.000237056734
      -0.012493855356      0.011299136816      0.000425638371
      -0.001034520945      0.000957711544     -0.000048550278
      -0.000931159119      0.001050329858     -0.000022097797
      -0.000899593937      0.000903440506      0.000031273698
 
  -100.01488400323758     
     5    4        5    4
        -0.0012571116        0.0008410058       -0.0015726751    1   1
         0.7361380079        0.7583800041        0.7918564432    1   2
        -0.7584756927       -0.7362103982        0.7921401530    1   3
        -0.7355296385        0.7349653364       -0.8138941056    1   4
         0.7600132100       -0.7602028796       -0.7686268746    1   5
  
  
         0.0043259646       -0.0141440495       -0.0053281340    1   1
         0.7970885201        0.5557460365        0.9586096215    1   2
        -0.5614191091       -0.7944969139        0.9592371241    1   3
        -0.3737588735        0.3758553116       -1.2569879402    1   4
  
  
      -0.000454795565      0.000297126776     -0.000533755334
       0.000035190323      0.000053180532      0.000021085127
      -0.000058886831     -0.000041378272      0.000016362646
      -0.000012722794      0.000001134387     -0.000063013020
       0.000064422697     -0.000075848599      0.000011894146
      -0.006480554733      0.002677811932      0.000151650859
       0.000413857402     -0.000202973223     -0.000125616324
       0.000180197587     -0.000428599502     -0.000099756065
       0.000589546034     -0.000767517165     -0.000239762209
 
  -100.01492990065297     
     5    4        5    4
         0.0020033570       -0.0014069525        0.0024163242    1   1
         0.7096558616        0.7353516853        0.7743967429    1   2
        -0.7354113964       -0.7096639466        0.7747370827    1   3
        -0.7089729800        0.7083793897       -0.7996265818    1   4
         0.7371176814       -0.7372576196       -0.7476475185    1   5
  
  
         0.0187103624       -0.0180435981       -0.0067587769    1   1
         0.7121808442        0.5560278149        0.9711948021    1   2
        -0.5627752546       -0.7081940476        0.9718539292    1   3
        -0.3276650480        0.3303072724       -1.3022527852    1   4
  
  
       0.000695548482     -0.000497951970      0.000829265420
       0.000049377317     -0.000006123806      0.000045576375
       0.000007326315     -0.000048713412      0.000048181837
       0.000016393681     -0.000013653909     -0.000049046900
       0.000103038638     -0.000100140836      0.000092938308
       0.002602636727     -0.002376922468     -0.000168613859
       0.000197455930     -0.000203893073      0.000017053999
       0.000215965535     -0.000165009135      0.000028154209
       0.000332623266     -0.000260859024     -0.000056959263
 
  -100.01493655057230     
     5    4        5    4
         0.0009284446       -0.0006431244        0.0011331085    1   1
         0.7164327630        0.7412711151        0.7788546452    1   2
        -0.7413350551       -0.7164499208        0.7791805568    1   3
        -0.7158460502        0.7152668584       -0.8032068218    1   4
         0.7428803555       -0.7430252971       -0.7531845686    1   5
  
  
         0.0153782002       -0.0156013246       -0.0062983971    1   1
         0.7334110146        0.5565667279        0.9680454593    1   2
        -0.5630555303       -0.7297722154        0.9686581592    1   3
        -0.3408105698        0.3433060161       -1.2901623115    1   4
  
  
       0.000300426897     -0.000216096618      0.000376703875
       0.000041751998      0.000014892349      0.000036243106
      -0.000015892825     -0.000043114722      0.000036691307
       0.000006033279     -0.000007695983     -0.000053618091
       0.000088688404     -0.000090032535      0.000066109203
      -0.000566163904      0.000383976832     -0.000004104695
       0.000118974499     -0.000079876253     -0.000015458596
       0.000085992171     -0.000091994731     -0.000003886536
       0.000221146788     -0.000177401641     -0.000061032245
 
  -100.01493729605632     
     5    4        5    4
         0.0007230888       -0.0004922123        0.0008730167    1   1
         0.7148222112        0.7398976706        0.7777833740    1   2
        -0.7399597238       -0.7148356973        0.7781116026    1   3
        -0.7142783082        0.7136971156       -0.8023171088    1   4
         0.7414411426       -0.7415838430       -0.7520036377    1   5
  
  
         0.0160756618       -0.0157679952       -0.0063503223    1   1
         0.7283392115        0.5566019538        0.9687842753    1   2
        -0.5631592845       -0.7246525720        0.9693917114    1   3
        -0.3381435518        0.3406195082       -1.2928453300    1   4
  
  
       0.000227577925     -0.000162220479      0.000287913902
       0.000038593123      0.000018627529      0.000033184984
      -0.000019926865     -0.000040249194      0.000033276536
       0.000006066097     -0.000008437248     -0.000054651797
       0.000085427854     -0.000087457881      0.000063164472
      -0.000092178924      0.000143591589     -0.000024148419
       0.000092950481     -0.000070120618     -0.000005662217
       0.000077822387     -0.000064329810      0.000004398049
       0.000189248297     -0.000133196737     -0.000048383591
 
  -100.01493787317837     
     5    4        5    4
         0.0002380024       -0.0001427610        0.0002546065    1   1
         0.7128098970        0.7381943046        0.7764332668    1   2
        -0.7382506300       -0.7128146780        0.7767651272    1   3
        -0.7123960639        0.7118190420       -0.8011351541    1   4
         0.7395472089       -0.7396811706       -0.7506899063    1   5
  
  
         0.0165997142       -0.0159149483       -0.0063450724    1   1
         0.7220350307        0.5567971426        0.9696819537    1   2
        -0.5634531148       -0.7183442495        0.9702646862    1   3
        -0.3353016746        0.3376387904       -1.2959871796    1   4
  
  
       0.000057117600     -0.000038091246      0.000080070924
       0.000031437192      0.000028659795      0.000026263090
      -0.000030640086     -0.000033773633      0.000025529081
       0.000004344865     -0.000008324058     -0.000056852300
       0.000077246577     -0.000080859801      0.000053929960
       0.000205437361      0.000013338929     -0.000037892183
       0.000018218343     -0.000025087822      0.000009066394
       0.000031533422      0.000009836831      0.000016793867
       0.000089152089     -0.000028487454     -0.000021887449
 
  -100.01533874082254     
     5    4        5    4
         0.0002380024       -0.0001427610        0.0002546065    1   1
         0.7128098970        0.7381943046        0.7764332668    1   2
        -0.7382506300       -0.7128146780        0.7767651272    1   3
        -0.7123960639        0.7118190420       -0.8011351541    1   4
         0.7395472089       -0.7396811706       -0.7506899063    1   5
  
  
         0.0165997142       -0.0159149483       -0.0063450724    1   1
         0.7220350307        0.5567971426        0.9696819537    1   2
        -0.5634531148       -0.7183442495        0.9702646862    1   3
        -0.3353016746        0.3376387904       -1.2959871796    1   4
  
  
       0.000055205094     -0.000035685711      0.000081183730
       0.000062455354     -0.000003507761      0.000027269757
       0.000000832012     -0.000064954764      0.000025729625
      -0.000036583411      0.000033371805      0.000010558451
       0.000037956653     -0.000041352876     -0.000015931178
      -0.000034429622      0.000253713683     -0.000027788402
      -0.000607498119      0.000426161547      0.000087488894
      -0.000394673330      0.000631538298      0.000097968609
      -0.000773633490      0.000813695419      0.000189970571
 
  -100.01443303589051     
     5    4        5    4
        -0.0032451447        0.0021088162       -0.0048676516    1   1
         0.7088692946        0.7384156281        0.7747126880    1   2
        -0.7383031248       -0.7087163768        0.7751417268    1   3
        -0.7100878466        0.7097134596       -0.8018013391    1   4
         0.7371523437       -0.7370720233       -0.7496847326    1   5
  
  
         0.0187720382       -0.0319229285       -0.0045917727    1   1
         0.7603649180        0.5299086268        0.9641618711    1   2
        -0.5385513363       -0.7581909451        0.9640833905    1   3
        -0.2864895303        0.2862989541       -1.3079733104    1   4
  
  
      -0.001275684929      0.000854860535     -0.001767010552
       0.000000972089      0.000100789766     -0.000036197702
      -0.000106278406     -0.000007425418     -0.000043129415
      -0.000060954595      0.000048369466     -0.000017542986
      -0.000034576960      0.000020925340     -0.000111865172
       0.014469525282     -0.023065144191     -0.000712166986
       0.005633016126     -0.004469565206     -0.000656945969
       0.004171142893     -0.005662091620     -0.000646577510
       0.009014238664     -0.009553888647     -0.001895367441
 
  -100.01534506664208     
     5    4        5    4
        -0.0000295059        0.0000301618       -0.0001387867    1   1
         0.7125072558        0.7382113024        0.7763011251    1   2
        -0.7382546616       -0.7124999254        0.7766404488    1   3
        -0.7122187911        0.7116573317       -0.8011863176    1   4
         0.7393632815       -0.7394807862       -0.7506127082    1   5
  
  
         0.0167665503       -0.0171443731       -0.0062104177    1   1
         0.7249787945        0.5547320846        0.9692580073    1   2
        -0.5615406397       -0.7214045053        0.9697899581    1   3
        -0.3315528656        0.3336958528       -1.2969077234    1   4
  
  
      -0.000040059383      0.000027969819     -0.000051153255
       0.000057882141      0.000004280783      0.000022582500
      -0.000007191162     -0.000060633224      0.000020619958
      -0.000038456086      0.000034493367      0.000008366412
       0.000032514335     -0.000036660804     -0.000023146505
       0.000917644723     -0.001190046498     -0.000086448430
      -0.000123313764      0.000048516310      0.000038408615
      -0.000033139762      0.000133567394      0.000047671001
      -0.000129062887      0.000132414714      0.000033400317
 
  -100.01534477956936     
     5    4        5    4
        -0.0000698706        0.0000508701       -0.0002182793    1   1
         0.7121937458        0.7382093634        0.7761712204    1   2
        -0.7382381734       -0.7121727408        0.7765196642    1   3
        -0.7120233392        0.7114805609       -0.8012356359    1   4
         0.7391796601       -0.7392775240       -0.7505109841    1   5
  
  
         0.0144749826       -0.0147191455       -0.0059134046    1   1
         0.7268871149        0.5534919856        0.9689295881    1   2
        -0.5604227724       -0.7234022893        0.9694101012    1   3
        -0.3291952695        0.3312248174       -1.2974910791    1   4
  
  
      -0.000057185278      0.000039147704     -0.000079485574
       0.000055143957      0.000008340401      0.000020573007
      -0.000010960220     -0.000057608923      0.000018723153
      -0.000039594155      0.000035971651      0.000007646013
       0.000030129082     -0.000033935812     -0.000025987616
      -0.001312011906      0.001117558217      0.000019962672
       0.000060008454     -0.000033681837     -0.000011663389
       0.000042261531     -0.000054922366     -0.000005941099
       0.000159093170     -0.000156972147     -0.000061859625
 
  -100.01534656984506     
     5    4        5    4
        -0.0000486868        0.0000400022       -0.0001765608    1   1
         0.7123582788        0.7382103810        0.7762393956    1   2
        -0.7382468265       -0.7123444503        0.7765830531    1   3
        -0.7121259142        0.7115733319       -0.8012097532    1   4
         0.7392760263       -0.7393841979       -0.7505643698    1   5
  
  
         0.0156776185       -0.0159919273       -0.0060692798    1   1
         0.7258856107        0.5541428010        0.9691019455    1   2
        -0.5610094395       -0.7223538338        0.9696094536    1   3
        -0.3304325577        0.3325216396       -1.2971849286    1   4
  
  
      -0.000048195128      0.000033279664     -0.000064614089
       0.000056581430      0.000006209513      0.000021627947
      -0.000008981818     -0.000059196551      0.000019718889
      -0.000038996720      0.000035195633      0.000008023903
       0.000031381118     -0.000035366182     -0.000024496285
      -0.000168076990     -0.000066179709     -0.000033742611
      -0.000036331725      0.000009599570      0.000014577516
       0.000002582149      0.000044089870      0.000022148044
       0.000006125054     -0.000003321515     -0.000011582856
