 FLO    Charge     Asymp      E_COUL     E_SIC      EXlocal    EClocal    EXnonl     ECnonl      XC/H
  1.   1.000000   0.999999  -2.747197  -0.338221  -2.360923  -0.048053   0.000000   0.000000   0.876885
  2.   1.000000   0.961276  -0.534446  -0.032510  -0.473886  -0.028050   0.000000   0.000000   0.939171
  3.   1.000000   1.042733  -0.534537  -0.032524  -0.473961  -0.028052   0.000000   0.000000   0.939154
  4.   1.000000   0.990798  -0.535428  -0.032699  -0.474659  -0.028070   0.000000   0.000000   0.938929
  5.   1.000000   1.005323  -0.534349  -0.032488  -0.473813  -0.028048   0.000000   0.000000   0.939201
  1.   1.000000   1.000000  -2.744404  -0.338977  -2.357370  -0.048057   0.000000   0.000000   0.876484
  2.   1.000000   0.958696  -0.533607  -0.036292  -0.469360  -0.027956   0.000000   0.000000   0.931988
  3.   1.000000   1.056223  -0.533629  -0.036298  -0.469375  -0.027957   0.000000   0.000000   0.931980
  4.   1.000000   0.988179  -0.533229  -0.036237  -0.469044  -0.027948   0.000000   0.000000   0.932042
