  IT          TRACE                ETOT                 EKIN+ENONLOC          CHARGE              EDFT+SIC              LOWEST
   1        -53.043895595        -99.102612465        102.050886437          9.999999990       -100.009006407       -100.009006407
   2        -51.899276740        -99.134531058         96.157862973          9.999999987        -99.960139812       -100.009006407
   3        -52.482690726        -99.051729302         95.402220768          9.999999986        -99.857988367       -100.009006407
   4        -39.093880279        -86.262170710         76.093519786          9.999999976        -86.915232383       -100.009006407
   5        -58.294768125        -98.565392945        107.888657154          9.999999992        -99.514045987       -100.009006407
   6        -44.368121450        -93.530168936         82.064827525          9.999999972        -94.161123617       -100.009006407
   7        -50.637395420        -97.142007304         88.357097305          9.999999980        -97.811410692       -100.009006407
   8        -57.080054214        -99.150940665        102.712862871          9.999999990       -100.038798873       -100.038798873
   9        -53.569147466        -99.240293467         98.500451348          9.999999988       -100.096921061       -100.096921061
  10        -57.252241961        -99.091232292        103.191215957          9.999999990       -100.006180009       -100.096921061
  11        -55.671224478        -99.168805033        101.828020581          9.999999989       -100.072800505       -100.096921061
  12        -56.021425520        -99.156273321        102.078368513          9.999999990       -100.062735598       -100.096921061
  13        -55.714313641        -99.176568762        101.702198672          9.999999989       -100.078585374       -100.096921061
  14        -55.441590827        -99.198481331        101.255919176          9.999999989       -100.094483108       -100.096921061
  15        -55.231841229        -99.214426605        100.874274870          9.999999989       -100.104958420       -100.104958420
  16        -55.158213880        -99.221306398        100.695212904          9.999999989       -100.108941093       -100.108941093
  17        -55.139762608        -99.223684080        100.636522517          9.999999989       -100.110173836       -100.110173836
  18        -55.078839280        -99.226542478        100.559124867          9.999999989       -100.111618579       -100.111618579
  19        -54.931651557        -99.232395818        100.367119732          9.999999989       -100.114356230       -100.114356230
  20        -54.873846441        -99.235552164        100.258792864          9.999999989       -100.115542626       -100.115542626
  21        -54.847380747        -99.237063978        100.207963312          9.999999989       -100.116010830       -100.116010830
  22        -54.808040102        -99.238509746        100.149514959          9.999999989       -100.116425114       -100.116425114
  23        -54.771470476        -99.239815065        100.090619406          9.999999989       -100.116744254       -100.116744254
  24        -54.743088189        -99.240827657        100.042880225          9.999999989       -100.116939733       -100.116939733
  25        -54.716674718        -99.241687627         99.999615192          9.999999989       -100.117065685       -100.117065685
  26        -54.694568270        -99.242391772         99.961884124          9.999999988       -100.117136154       -100.117136154
  27        -54.681053499        -99.242861331         99.936231565          9.999999988       -100.117163599       -100.117163599
  28        -54.674641572        -99.243119603         99.922381092          9.999999988       -100.117171409       -100.117171409
  29        -54.671999709        -99.243244258         99.915941147          9.999999988       -100.117173290       -100.117173290
  30        -54.671228318        -99.243294984         99.913465137          9.999999988       -100.117173703       -100.117173703
  31        -54.671676140        -99.243300991         99.913452023          9.999999988       -100.117173711       -100.117173711
  IT          TRACE                ETOT                 EKIN+ENONLOC          CHARGE              EDFT+SIC              LOWEST
   1        -52.628517450        -99.108099744         98.673230364          8.999999991        -99.988377462        -99.988377462
   2        -59.919286328        -99.096617168        100.176633477          8.999999991       -100.000305146       -100.000305146
   3        -59.913912220        -99.092347045        100.333540217          8.999999991        -99.999506411       -100.000305146
   4        -66.698577235        -98.628390678        107.087695386          8.999999994        -99.595170672       -100.000305146
   5        -60.297430009        -99.036214205        101.861137420          8.999999992        -99.961423059       -100.000305146
   6        -59.246374603        -99.096450426         99.920983253          8.999999991       -100.001582280       -100.001582280
   7        -59.430108830        -99.099617094         99.784406415          8.999999991       -100.001895238       -100.001895238
   8        -59.386689537        -99.100627220         99.699699919          8.999999991       -100.001737088       -100.001895238
   9        -59.348801686        -99.101137686         99.639653920          8.999999991       -100.001540271       -100.001895238
  10        -59.352237627        -99.101223443         99.635750388          8.999999991       -100.001514144       -100.001895238
  11        -59.250987916        -99.101783219         99.544164226          8.999999991       -100.001141404       -100.001895238
  12        -59.270938510        -99.101792670         99.553627942          8.999999991       -100.001181948       -100.001895238
  13        -59.416982798        -99.100725401         99.716842884          8.999999991       -100.001764077       -100.001895238
  14        -59.441197945        -99.100145293         99.771721068          8.999999991       -100.001852157       -100.001895238
  15        -59.444492582        -99.099964610         99.785624287          8.999999991       -100.001863421       -100.001895238
  16        -59.452663080        -99.099827849         99.798621105          8.999999991       -100.001868149       -100.001895238
  17        -59.463175479        -99.099668497         99.813723862          8.999999991       -100.001869027       -100.001895238
  18        -59.469233468        -99.099559340         99.823294174          8.999999991       -100.001865267       -100.001895238
  19          0.000000000        -99.099559340         99.823294174          8.999999991       -100.004386775       -100.004386775
  20          0.000000000        -99.099559340         99.823294174          8.999999991       -100.006105226       -100.006105226
  21          0.000000000        -99.099559340         99.823294174          8.999999991       -100.011367520       -100.011367520
  22          0.000000000        -99.099559340         99.823294174          8.999999991       -100.013872062       -100.013872062
  23          0.000000000        -99.099559340         99.823294174          8.999999991       -100.014553954       -100.014553954
  24          0.000000000        -99.099559340         99.823294174          8.999999991       -100.014558176       -100.014558176
  25          0.000000000        -99.099559340         99.823294174          8.999999991       -100.014565728       -100.014565728
  26          0.000000000        -99.099559340         99.823294174          8.999999991       -100.014571705       -100.014571705
  27          0.000000000        -99.099559340         99.823294174          8.999999991       -100.014598129       -100.014598129
  28          0.000000000        -99.099559340         99.823294174          8.999999991       -100.014643851       -100.014643851
  29          0.000000000        -99.099559340         99.823294174          8.999999991       -100.014727950       -100.014727950
  30          0.000000000        -99.099559340         99.823294174          8.999999991       -100.014838217       -100.014838217
  31          0.000000000        -99.099559340         99.823294174          8.999999991       -100.014736658       -100.014838217
  32          0.000000000        -99.099559340         99.823294174          8.999999991       -100.014884003       -100.014884003
  33          0.000000000        -99.099559340         99.823294174          8.999999991       -100.014929901       -100.014929901
  34          0.000000000        -99.099559340         99.823294174          8.999999991       -100.014936551       -100.014936551
  35          0.000000000        -99.099559340         99.823294174          8.999999991       -100.014937296       -100.014937296
  36          0.000000000        -99.099559340         99.823294174          8.999999991       -100.014937873       -100.014937873
  37        -59.501307829        -99.099320752         99.820776724          8.999999991       -100.015319916       -100.015319916
  38        -59.504007368        -99.099167351         99.825845843          8.999999991       -100.015337269       -100.015337269
  39        -59.504836462        -99.099119476         99.828051663          8.999999991       -100.015338493       -100.015338493
  40        -59.505087454        -99.099105241         99.828774538          8.999999991       -100.015338565       -100.015338565
  41        -59.505144158        -99.099101141         99.829081786          8.999999991       -100.015338741       -100.015338741
  42          0.000000000        -99.099101141         99.829081786          8.999999991       -100.014433036       -100.015338741
  43          0.000000000        -99.099101141         99.829081786          8.999999991       -100.015345067       -100.015345067
  44          0.000000000        -99.099101141         99.829081786          8.999999991       -100.015344780       -100.015345067
  45          0.000000000        -99.099101141         99.829081786          8.999999991       -100.015346570       -100.015346570
