 ********* NEW TRY ************, SPIN:            1
 REP:            1  DIM:            1  NUMBER OF BASES:          108
           1         108
   -26.36301      -20.55435      -1.560218      -1.292191     -0.8498783    
  -0.8078801     -0.7618090     -0.7402686     -0.6279300     -0.5652285    
  -0.3386157E-02  0.6299620E-01  0.1278275      0.1679711      0.1939168    
   0.2087487      0.2417180      0.2519726      0.2566136      0.2768049    
   0.3257217      0.3353784      0.3714084      0.4619989      0.5748168    
   0.6411606      0.6433922      0.7172730      0.7329392      0.7373356    
   0.7816284      0.7981559      0.8491743      0.8895759      0.9039082    
   0.9408421      0.9722494      0.9914765       1.034884       1.043511    
    1.071645       1.097706       1.159564       1.257042       1.282479    
    1.329713       1.684859       1.691972       1.706954       1.849200    
    1.917038       1.995311       2.063839       2.108633       2.116390    
    2.273217       2.282869       2.332833       2.343849       2.405487    
    2.424536       2.449951       2.480071       2.502124       2.531506    
    2.567589       2.839279       2.852428       2.961235       3.022360    
    3.079820       3.086021       3.125506       3.208980       3.286432    
    3.459678       3.729086       3.819402       4.192589       4.294906    
    4.428421       4.430907       4.640231       4.737338       5.660339    
    6.165938       6.322542       6.332094       6.382688       6.423908    
    6.461295       6.462940       6.495847       6.610081       6.614920    
    6.753687       7.472030       7.545859       7.847839       7.926017    
    8.441073       8.565713       9.990007       10.09393       11.44237    
    12.23933       57.16936       60.11034    
 ********* NEW TRY ************, SPIN:            2
 REP:            1  DIM:            1  NUMBER OF BASES:          108
           1         108
   -26.33321      -20.54911      -1.482166      -1.259307     -0.7858094    
  -0.7374732     -0.7143118     -0.6424789     -0.5524645     -0.3028382    
  -0.1971932E-02  0.6444973E-01  0.1352410      0.1701702      0.1986192    
   0.2103333      0.2438354      0.2543096      0.2583455      0.2771119    
   0.3303542      0.3376140      0.3698789      0.4638399      0.5794126    
   0.6415526      0.6486393      0.7181930      0.7336194      0.7507082    
   0.7853006      0.8033476      0.8511875      0.8947076      0.9050613    
   0.9489696      0.9729014       1.008817       1.041375       1.057512    
    1.080962       1.105265       1.164406       1.259041       1.290304    
    1.343679       1.686153       1.690827       1.712796       1.848917    
    1.917138       2.014273       2.072267       2.113737       2.122719    
    2.278103       2.283518       2.341362       2.348581       2.420679    
    2.456431       2.467397       2.485388       2.510983       2.553500    
    2.566737       2.840460       2.858828       2.965175       3.023787    
    3.083933       3.086380       3.133477       3.224914       3.288942    
    3.463271       3.730968       3.823531       4.221784       4.323139    
    4.433842       4.492768       4.692323       4.747183       5.678999    
    6.176023       6.353416       6.390158       6.405228       6.441231    
    6.469451       6.500142       6.510644       6.650901       6.680280    
    6.767463       7.470838       7.545237       7.856083       7.928852    
    8.441527       8.566757       9.989959       10.09363       11.49882    
    12.25048       57.17622       60.14755    
 FERMI LEVEL:    1.1456256388457152E-310  TEMP:    1.0000000000000000E-004
 SUMMARY OF EVALUES AND THEIR OCCUPANCIES:
    1  REP:  1  DEG:  1  SPIN:  1  ENERGY:   -26.3630      OCC:    1.00000    
    2  REP:  1  DEG:  1  SPIN:  2  ENERGY:   -26.3332      OCC:    1.00000    
    3  REP:  1  DEG:  1  SPIN:  1  ENERGY:   -20.5543      OCC:    1.00000    
    4  REP:  1  DEG:  1  SPIN:  2  ENERGY:   -20.5491      OCC:    1.00000    
    5  REP:  1  DEG:  1  SPIN:  1  ENERGY:   -1.56022      OCC:    1.00000    
    6  REP:  1  DEG:  1  SPIN:  2  ENERGY:   -1.48217      OCC:    1.00000    
    7  REP:  1  DEG:  1  SPIN:  1  ENERGY:   -1.29219      OCC:    1.00000    
    8  REP:  1  DEG:  1  SPIN:  2  ENERGY:   -1.25931      OCC:    1.00000    
    9  REP:  1  DEG:  1  SPIN:  1  ENERGY:  -0.849878      OCC:    1.00000    
   10  REP:  1  DEG:  1  SPIN:  1  ENERGY:  -0.807880      OCC:    1.00000    
   11  REP:  1  DEG:  1  SPIN:  2  ENERGY:  -0.785809      OCC:    1.00000    
   12  REP:  1  DEG:  1  SPIN:  1  ENERGY:  -0.761809      OCC:    1.00000    
   13  REP:  1  DEG:  1  SPIN:  1  ENERGY:  -0.740269      OCC:    1.00000    
   14  REP:  1  DEG:  1  SPIN:  2  ENERGY:  -0.737473      OCC:    1.00000    
   15  REP:  1  DEG:  1  SPIN:  2  ENERGY:  -0.714312      OCC:    1.00000    
   16  REP:  1  DEG:  1  SPIN:  2  ENERGY:  -0.642479      OCC:    1.00000    
   17  REP:  1  DEG:  1  SPIN:  1  ENERGY:  -0.627930      OCC:    1.00000    
   18  REP:  1  DEG:  1  SPIN:  1  ENERGY:  -0.565228      OCC:    1.00000    
   19  REP:  1  DEG:  1  SPIN:  2  ENERGY:  -0.552464      OCC:    1.00000    
   20  REP:  1  DEG:  1  SPIN:  2  ENERGY:  -0.302838      OCC:    0.00000    
   21  REP:  1  DEG:  1  SPIN:  1  ENERGY:  -0.338616E-02  OCC:    0.00000    
   22  REP:  1  DEG:  1  SPIN:  2  ENERGY:  -0.197193E-02  OCC:    0.00000    
   23  REP:  1  DEG:  1  SPIN:  1  ENERGY:   0.629962E-01  OCC:    0.00000    
