          10           9
  0.468687516134D-05  0.588920174965D-02 -0.545200250520D-03  1  D2INV=      1.0000 SUGGEST=       1.0000
  0.102996000904D+01  0.772000786545D+00  0.913372584508D-05  1  D2INV=      1.0000 SUGGEST=       1.0000
 -0.102995603224D+01  0.772004255289D+00  0.852653484066D-05  1  D2INV=      1.0000 SUGGEST=       1.0000
 -0.633815425596D-05 -0.691135190616D+00  0.116009592702D+01  1  D2INV=      1.0000 SUGGEST=       1.0000
 -0.609840862764D-05 -0.682315732650D+00 -0.115748185076D+01  1  D2INV=      1.0000 SUGGEST=       1.0000
  0.175742410536D-07  0.394256838669D+01  0.162020302303D-03  1  D2INV=      1.0000 SUGGEST=       1.0000
  0.117043918551D+01  0.453630620138D+01 -0.202569722493D-02  1  D2INV=      1.0000 SUGGEST=       1.0000
 -0.117042854484D+01  0.453632312172D+01 -0.202465189729D-02  1  D2INV=      1.0000 SUGGEST=       1.0000
 -0.376050103946D-05  0.340369597468D+01  0.957417985988D+00  1  D2INV=      1.0000 SUGGEST=       1.0000
 -0.493479171868D-05  0.340286355395D+01 -0.952038509940D+00  1  D2INV=      1.0000 SUGGEST=       1.0000
  0.586561904745D-06 -0.203541327279D-01  0.843015670808D-04  1  D2INV=      1.0000 SUGGEST=       1.0000
  0.815788616906D+00  0.978732316238D+00 -0.277488959091D-01  1  D2INV=      1.0000 SUGGEST=       1.0000
 -0.815781582158D+00  0.978732120910D+00 -0.277422457353D-01  1  D2INV=      1.0000 SUGGEST=       1.0000
 -0.664333361567D-05 -0.642846842300D+00  0.118696605859D+01  1  D2INV=      1.0000 SUGGEST=       1.0000
 -0.128314224043D-04 -0.677216692412D+00 -0.110651815465D+01  1  D2INV=      1.0000 SUGGEST=       1.0000
 -0.234493286565D-05  0.385961474198D+01 -0.455455000487D-02  1  D2INV=      1.0000 SUGGEST=       1.0000
  0.124610471566D+01  0.415679550417D+01 -0.640213946506D+00  1  D2INV=      1.0000 SUGGEST=       1.0000
 -0.124601718162D+01  0.415678379750D+01 -0.640175597431D+00  1  D2INV=      1.0000 SUGGEST=       1.0000
 -0.350118184723D-04  0.397970755350D+01  0.114997584081D+01  1  D2INV=      1.0000 SUGGEST=       1.0000
