    10    9       10    9
         0.0000046869        0.0058892017       -0.0005452003    1   1
         1.0299600090        0.7720007865        0.0000091337    1   2
        -1.0299560322        0.7720042553        0.0000085265    1   3
        -0.0000063382       -0.6911351906        1.1600959270    1   4
        -0.0000060984       -0.6823157327       -1.1574818508    1   5
         0.0000000176        3.9425683867        0.0001620203    1   6
         1.1704391855        4.5363062014       -0.0020256972    1   7
        -1.1704285448        4.5363231217       -0.0020246519    1   8
        -0.0000037605        3.4036959747        0.9574179860    1   9
        -0.0000049348        3.4028635540       -0.9520385099    1  10
  
  
         0.0000005866       -0.0203541327        0.0000843016    1   1
         0.8157886169        0.9787323162       -0.0277488959    1   2
        -0.8157815822        0.9787321209       -0.0277422457    1   3
        -0.0000066433       -0.6428468423        1.1869660586    1   4
        -0.0000128314       -0.6772166924       -1.1065181547    1   5
        -0.0000023449        3.8596147420       -0.0045545500    1   6
         1.2461047157        4.1567955042       -0.6402139465    1   7
        -1.2460171816        4.1567837975       -0.6401755974    1   8
        -0.0000350118        3.9797075535        1.1499758408    1   9
  
  
