          10           9
         0.0000046869        0.0058892017       -0.0005452003    1   1
         0.0000003624        0.0000017556       -0.0000764695
         1.0299600090        0.7720007865        0.0000091337    1   2
         0.0000162047       -0.0000135553       -0.0000011726
        -1.0299560322        0.7720042553        0.0000085265    1   3
        -0.0000161718       -0.0000135463       -0.0000011725
        -0.0000063382       -0.6911351906        1.1600959270    1   4
         0.0000000296        0.0000117416        0.0000164488
        -0.0000060984       -0.6823157327       -1.1574818508    1   5
         0.0000000294        0.0000206699       -0.0000183502
         0.0000000176        3.9425683867        0.0001620203    1   6
        -0.0000000005       -0.0000102358       -0.0000032369
         1.1704391855        4.5363062014       -0.0020256972    1   7
         0.0000457480        0.0000163986       -0.0000097490
        -1.1704285448        4.5363231217       -0.0020246519    1   8
        -0.0000457654        0.0000163717       -0.0000097492
        -0.0000037605        3.4036959747        0.9574179860    1   9
         0.0000000076        0.0000323856        0.0000236525
        -0.0000049348        3.4028635540       -0.9520385099    1  10
         0.0000000075        0.0000044350       -0.0000002896

         0.0000005866       -0.0203541327        0.0000843016    1   1
        -0.0000000314       -0.0000284876        0.0000455427
         0.8157886169        0.9787323162       -0.0277488959    1   2
         0.0001392121       -0.0000336871       -0.0001184780
        -0.8157815822        0.9787321209       -0.0277422457    1   3
        -0.0001392322       -0.0000337080       -0.0001184516
        -0.0000066433       -0.6428468423        1.1869660586    1   4
         0.0000000209        0.0002075531        0.0001478924
        -0.0000128314       -0.6772166924       -1.1065181547    1   5
        -0.0000000013       -0.0001126544        0.0001177973
        -0.0000023449        3.8596147420       -0.0045545500    1   6
        -0.0000019796       -0.0000153230        0.0003003289
         1.2461047157        4.1567955042       -0.6402139465    1   7
         0.0000921689        0.0002073838        0.0001072174
        -1.2460171816        4.1567837975       -0.6401755974    1   8
        -0.0000921768        0.0002074303        0.0001073095
        -0.0000350118        3.9797075535        1.1499758408    1   9
        -0.0000000628       -0.0003330486        0.0000252807

