  -20.331925165394853      -0.86681358555771582      -0.86684740489720347       -1.1646837745079914       -1.1561071276223935       -4.4374331396372273E-003  -2.4975634294861375E-002  -2.4974405137528827E-002   4.8915478586156122E-002   4.8081238941204321E-002
 -0.87879764652945835      -0.98272997579354593      -0.19604719706178772      -0.20030291440853348      -0.20064502699052089        6.8066492925691752E-002  -4.8372390648236327E-003   2.7978605866374309E-002  -4.0048711777955416E-002  -3.9958803985459611E-002
 -0.87883444413936296      -0.19604721714255968      -0.98273275610053901      -0.20030530113041545      -0.20064733291081135        6.8066573308035602E-002   2.7978105994851506E-002  -4.8364795859507873E-003  -4.0048982903921504E-002  -3.9959120339081118E-002
  -1.1775159062906573      -0.20010911979303225      -0.20011147567572199      -0.77582274597125078      -0.20795640110542460       -4.0034821249663816E-002  -4.3657978250263747E-003  -4.3659874440449874E-003   8.2033447306020663E-003   2.3955388698785902E-002
  -1.1683886158633698      -0.20045456229380587      -0.20045683763808608      -0.20794763855654891      -0.77358807414921760       -4.0039819469377791E-002  -4.4919312341530019E-003  -4.4920993388577060E-003   2.4002507584804392E-002   8.1136522298481013E-003
  -4.5130704334256002E-003   6.7016378739242641E-002   6.7016449657705562E-002  -3.8923374037068033E-002  -3.8916492989937754E-002  -26.042643026525649       -1.3841455122703723       -1.3841451747479423       -1.4026161673013799       -1.4108601296139853     
  -2.6412947000727063E-002  -1.9631320112939543E-003   2.7953887824462818E-002  -4.6765624255727875E-003  -4.7899932497307779E-003  -1.3919941749703708       -1.0494499126849006      -0.28798540172789033      -0.26011616035560414      -0.25738576925948825     
  -2.6411553498230184E-002   2.7954357519160752E-002  -1.9623759428701181E-003  -4.6767614322810276E-003  -4.7901711375779085E-003  -1.3919938407779462      -0.28798537897138432       -1.0494499502501566      -0.26011587787894164      -0.25738538540360723     
   5.0773637704716885E-002  -4.0756506842430491E-002  -4.0756743241703593E-002   6.0854845690906517E-003   2.4540431377281621E-002  -1.4109570615877960      -0.26021244457912690      -0.26021215164296452       -1.0603773783303327      -0.30645683578524807     
   4.9910100918941144E-002  -4.0693978531608888E-002  -4.0694260168876159E-002   2.4502180837235429E-002   6.0087475772936886E-003  -1.4192189861604070      -0.25746198564507439      -0.25746159101444172      -0.30647515549038429       -1.0740393858229602     
  -20.334984171216242      -0.79625529647566817      -0.79624988338064917       -1.1713881762624732       -1.1876641766133822       -1.9886370837268231E-004   1.4064800222139118E-002   1.4063126893365261E-002   1.9834735477912271E-002
 -0.80989920276534844      -0.94588674202698453      -0.18612516572809731      -0.19553871527180752      -0.19327480064035218       0.12631812877331677       -3.8479570135246527E-002  -2.5569320987978562E-003  -2.2406153014989307E-002
 -0.80989372176210372      -0.18612514418741904      -0.94588499000954496      -0.19553794798749180      -0.19327511804161240       0.12632251562726354       -2.5584687635881514E-003  -3.8478252272426294E-002  -2.2407055573414915E-002
  -1.1823081545672387      -0.19530721916410487      -0.19530638148787943      -0.77512022724233631      -0.22202965811077086      -0.11859041853072602        1.5708862686955507E-002   1.5707853768864698E-002  -1.0975273364824357E-004
  -1.1989093419192871      -0.19277435120486489      -0.19277466958712045      -0.22239068010911267      -0.77834909849823852      -0.11859565126085640        6.5043280423110507E-003   6.5027382584416024E-003   2.2152182041687247E-002
  -7.9035421045148464E-004  0.11668373324767088       0.11668761361979209      -0.10680766579102838      -0.10690439549710636       -26.020098171402122       -1.5788088083537721       -1.5790503532334714       -1.6120363195285747     
   1.5088136894143090E-002  -3.7504363115755834E-002  -4.6098102029164230E-003   1.4297814621065632E-002   3.7917308966232371E-003  -1.5892494538893740       -1.0844112117779900      -0.34406781570797512      -0.34924139501381624     
   1.5086381787896050E-002  -4.6084622603002369E-003  -3.7502826485542484E-002   1.4296667768180433E-002   3.7899929741861253E-003  -1.5895067392910951      -0.34406791927113856       -1.0844455313850783      -0.34925845791584892     
   2.0911936578938358E-002  -2.3866334766578061E-002  -2.3867131199353287E-002  -2.0812900095072214E-003   2.2292285013178082E-002  -1.6246349245414007      -0.34895100345511043      -0.34896792590448050       -1.0871526009056784     
