 FLO    Charge     Asymp      E_COUL     E_SIC      EXlocal    EClocal    EXnonl     ECnonl      XC/H
  1.   1.000000   1.000015  -2.422677  -0.293939  -2.082394  -0.046345   0.000000   0.000000   0.878672
  2.   1.000000   1.006908  -0.432881  -0.025788  -0.381188  -0.025905   0.000000   0.000000   0.940426
  3.   1.000000   1.033823  -0.432881  -0.025788  -0.381188  -0.025905   0.000000   0.000000   0.940427
  4.   1.000000   0.977483  -0.441421  -0.024288  -0.391209  -0.025924   0.000000   0.000000   0.944978
  5.   1.000000   1.002603  -0.441130  -0.024229  -0.390984  -0.025917   0.000000   0.000000   0.945076
  6.   1.000000   1.145160  -2.747136  -0.338177  -2.360906  -0.048052   0.000000   0.000000   0.876898
  7.   1.000000   1.145324  -0.528147  -0.031475  -0.468762  -0.027910   0.000000   0.000000   0.940406
  8.   1.000000   1.167536  -0.528147  -0.031475  -0.468762  -0.027910   0.000000   0.000000   0.940405
  9.   1.000000   1.117781  -0.532197  -0.032187  -0.472006  -0.028005   0.000000   0.000000   0.939521
 10.   1.000000   1.148783  -0.534906  -0.032696  -0.474150  -0.028060   0.000000   0.000000   0.938875
  1.   1.000000   1.000016  -2.422600  -0.294077  -2.082176  -0.046347   0.000000   0.000000   0.878611
  2.   1.000000   1.011647  -0.402875  -0.020146  -0.357558  -0.025171   0.000000   0.000000   0.949995
  3.   1.000000   1.038886  -0.402874  -0.020146  -0.357558  -0.025171   0.000000   0.000000   0.949995
  4.   1.000000   0.982418  -0.424539  -0.019907  -0.379114  -0.025517   0.000000   0.000000   0.953108
  5.   1.000000   1.007137  -0.425573  -0.020222  -0.379810  -0.025541   0.000000   0.000000   0.952483
  6.   1.000000   1.145148  -2.746889  -0.338042  -2.360797  -0.048050   0.000000   0.000000   0.876937
  7.   1.000000   1.143472  -0.528967  -0.035542  -0.465583  -0.027841   0.000000   0.000000   0.932808
  8.   1.000000   1.169176  -0.528968  -0.035542  -0.465584  -0.027841   0.000000   0.000000   0.932808
  9.   1.000000   1.122267  -0.531388  -0.035980  -0.467510  -0.027898   0.000000   0.000000   0.932290
