     -2.01800    -0.01667    -0.01667    -0.02090    -0.02063     0.00009    -0.00115    -0.00115     0.00138     0.00136
     -0.00468    -0.32807    -0.01447    -0.01463    -0.01465    -0.00021     0.00145     0.00101    -0.00172    -0.00172
     -0.00468    -0.01447    -0.32807    -0.01463    -0.01465    -0.00021     0.00101     0.00145    -0.00172    -0.00172
     -0.00820    -0.01483    -0.01483    -0.33178    -0.01582     0.00025    -0.00015    -0.00015    -0.00053     0.00064
     -0.00822    -0.01484    -0.01484    -0.01583    -0.33150     0.00025    -0.00014    -0.00014     0.00065    -0.00054
      0.00017     0.00083     0.00083    -0.00086    -0.00087    -2.29381    -0.01960    -0.01960    -0.01981    -0.02001
      0.00028    -0.00142     0.00104     0.00016     0.00016    -0.01154    -0.39971    -0.02101    -0.01933    -0.01924
      0.00028     0.00104    -0.00142     0.00016     0.00016    -0.01154    -0.02101    -0.39971    -0.01933    -0.01924
     -0.00047    -0.00102    -0.00102     0.00158     0.00011    -0.01169    -0.01925    -0.01925    -0.40338    -0.02098
     -0.00047    -0.00098    -0.00098     0.00010     0.00157    -0.01184    -0.01917    -0.01917    -0.02096    -0.40588
     -2.01813    -0.01655    -0.01655    -0.01925    -0.01944    -0.00015     0.00076     0.00076     0.00080
     -0.00294    -0.30035    -0.00975    -0.01824    -0.01792    -0.00124    -0.00366    -0.00218    -0.00337
     -0.00294    -0.00975    -0.30035    -0.01824    -0.01792    -0.00124    -0.00218    -0.00366    -0.00337
     -0.00820    -0.01848    -0.01848    -0.31458    -0.00743     0.00170     0.00100     0.00100     0.00057
     -0.00825    -0.01842    -0.01842    -0.00708    -0.31569     0.00171     0.00032     0.00032     0.00163
      0.00044     0.00832     0.00832    -0.01002    -0.00987    -2.29346    -0.02308    -0.02308    -0.02308
     -0.00027    -0.00463    -0.00013     0.00240     0.00303    -0.01179    -0.40566    -0.01736    -0.01688
     -0.00027    -0.00013    -0.00463     0.00240     0.00303    -0.01179    -0.01736    -0.40566    -0.01688
     -0.00027    -0.00191    -0.00191     0.00254     0.00150    -0.01190    -0.01718    -0.01718    -0.40787
