  IT          TRACE                ETOT                 EKIN+ENONLOC          CHARGE              EDFT+SIC              LOWEST
   1        -95.161777658       -174.973461357        175.397260354         18.999998932       -176.490272970       -176.490272970
   2       -106.605154156       -175.012740445        175.308710146         18.999999271       -176.648765368       -176.648765368
   3       -107.047718918       -175.005276876        175.708504862         18.999999256       -176.660495410       -176.660495410
   4       -107.280772686       -175.009268342        176.170949793         18.999999240       -176.668956435       -176.668956435
   5       -107.264786870       -175.008074496        176.256881173         18.999999237       -176.670610679       -176.670610679
   6       -106.994734716       -175.006799092        176.050999642         18.999999249       -176.670867624       -176.670867624
   7       -107.247233662       -175.008984187        176.345372843         18.999999241       -176.671405582       -176.671405582
   8       -107.334629319       -175.007261936        176.497720239         18.999999236       -176.668480863       -176.671405582
   9       -107.222643105       -175.007757426        176.405651121         18.999999240       -176.670480383       -176.671405582
  10       -107.226736966       -175.007542682        176.401124393         18.999999242       -176.671198970       -176.671405582
  11       -107.208532128       -175.007260465        176.384068535         18.999999244       -176.671993484       -176.671993484
  12       -107.210432416       -175.006749638        176.381841973         18.999999246       -176.672693291       -176.672693291
  13       -107.146622800       -175.006240779        176.303293221         18.999999250       -176.673771347       -176.673771347
  14       -107.146957581       -175.005865806        176.291897722         18.999999251       -176.673993877       -176.673993877
  15       -107.138084465       -175.005240185        176.281696312         18.999999253       -176.674118797       -176.674118797
  16       -107.139681669       -175.005011830        176.282385721         18.999999254       -176.674190056       -176.674190056
  17       -107.128414617       -175.005039988        176.270128420         18.999999254       -176.674254938       -176.674254938
  18       -107.130406036       -175.005062158        176.271148697         18.999999253       -176.674299450       -176.674299450
  19       -107.135527623       -175.005231446        176.276270081         18.999999253       -176.674318634       -176.674318634
  20       -107.134585198       -175.005449443        176.274779311         18.999999252       -176.674301351       -176.674318634
  21       -107.134844544       -175.005498047        176.274321100         18.999999252       -176.674291620       -176.674318634
  22       -107.135951864       -175.005425188        176.275710112         18.999999252       -176.674305820       -176.674318634
  23       -107.136628032       -175.005379044        176.277338476         18.999999252       -176.674312289       -176.674318634
  24       -107.137822626       -175.005400064        176.278709449         18.999999252       -176.674291874       -176.674318634
  25       -107.138025434       -175.005342219        176.279352481         18.999999252       -176.674298754       -176.674318634
  26       -107.138289092       -175.005283550        176.279939847         18.999999252       -176.674306340       -176.674318634
  27       -107.138523166       -175.005179424        176.280589177         18.999999252       -176.674332073       -176.674332073
  28       -107.138286755       -175.005105588        176.280880840         18.999999252       -176.674349545       -176.674349545
  29       -107.138254249       -175.005049381        176.281204874         18.999999252       -176.674360601       -176.674360601
  30       -107.138766646       -175.004971891        176.282046531         18.999999253       -176.674375838       -176.674375838
  31       -107.139132657       -175.004909290        176.282814027         18.999999253       -176.674387133       -176.674387133
  32       -107.138646762       -175.004884477        176.282557428         18.999999253       -176.674391089       -176.674391089
  33       -107.135303598       -175.004973015        176.278856927         18.999999253       -176.674372691       -176.674391089
  34       -107.142386022       -175.004710474        176.286528084         18.999999253       -176.674420844       -176.674420844
  35       -107.139887928       -175.004739221        176.285507419         18.999999253       -176.674417333       -176.674420844
  36       -107.136785348       -175.004828985        176.281691625         18.999999253       -176.674399846       -176.674420844
  37       -107.136125887       -175.004854539        176.280177908         18.999999253       -176.674393352       -176.674420844
  38       -107.136531994       -175.004837983        176.280489693         18.999999253       -176.674395785       -176.674420844
  39       -107.136769622       -175.004818296        176.280852809         18.999999253       -176.674398347       -176.674420844
  40       -107.136654728       -175.004804645        176.280857953         18.999999253       -176.674399992       -176.674420844
  41       -107.136742927       -175.004787024        176.281001827         18.999999253       -176.674402483       -176.674420844
  42       -107.137091367       -175.004760386        176.281501938         18.999999253       -176.674407218       -176.674420844
  43       -107.137144480       -175.004743930        176.281710623         18.999999253       -176.674409710       -176.674420844
  44       -107.137253866       -175.004727748        176.281925235         18.999999253       -176.674412253       -176.674420844
  45       -107.137187088       -175.004719298        176.281927302         18.999999253       -176.674413287       -176.674420844
  46       -107.137133664       -175.004712295        176.281905198         18.999999253       -176.674414120       -176.674420844
  47       -107.137019007       -175.004709220        176.281794667         18.999999253       -176.674414124       -176.674420844
  48          0.000000000       -175.004709220        176.281794667         18.999999253       -176.676289700       -176.676289700
  49          0.000000000       -175.004709220        176.281794667         18.999999253       -176.680691831       -176.680691831
  50          0.000000000       -175.004709220        176.281794667         18.999999253       -176.680957009       -176.680957009
  51          0.000000000       -175.004709220        176.281794667         18.999999253       -176.681933135       -176.681933135
  52          0.000000000       -175.004709220        176.281794667         18.999999253       -176.682045019       -176.682045019
  53          0.000000000       -175.004709220        176.281794667         18.999999253       -176.681960020       -176.682045019
  54          0.000000000       -175.004709220        176.281794667         18.999999253       -176.682265380       -176.682265380
  55          0.000000000       -175.004709220        176.281794667         18.999999253       -176.682440913       -176.682440913
  56          0.000000000       -175.004709220        176.281794667         18.999999253       -176.683020373       -176.683020373
  57          0.000000000       -175.004709220        176.281794667         18.999999253       -176.683625575       -176.683625575
  58          0.000000000       -175.004709220        176.281794667         18.999999253       -176.684232348       -176.684232348
  59          0.000000000       -175.004709220        176.281794667         18.999999253       -176.684469638       -176.684469638
  60          0.000000000       -175.004709220        176.281794667         18.999999253       -176.684573414       -176.684573414
  61          0.000000000       -175.004709220        176.281794667         18.999999253       -176.684619056       -176.684619056
  62          0.000000000       -175.004709220        176.281794667         18.999999253       -176.684689870       -176.684689870
  63          0.000000000       -175.004709220        176.281794667         18.999999253       -176.684699330       -176.684699330
  64          0.000000000       -175.004709220        176.281794667         18.999999253       -176.684718540       -176.684718540
  65          0.000000000       -175.004709220        176.281794667         18.999999253       -176.684750522       -176.684750522
  66          0.000000000       -175.004709220        176.281794667         18.999999253       -176.684824822       -176.684824822
  67          0.000000000       -175.004709220        176.281794667         18.999999253       -176.684827777       -176.684827777
  68          0.000000000       -175.004709220        176.281794667         18.999999253       -176.684855002       -176.684855002
  69          0.000000000       -175.004709220        176.281794667         18.999999253       -176.684901059       -176.684901059
  70          0.000000000       -175.004709220        176.281794667         18.999999253       -176.684929459       -176.684929459
  71          0.000000000       -175.004709220        176.281794667         18.999999253       -176.684972272       -176.684972272
  72          0.000000000       -175.004709220        176.281794667         18.999999253       -176.685010051       -176.685010051
  73          0.000000000       -175.004709220        176.281794667         18.999999253       -176.685048326       -176.685048326
  74          0.000000000       -175.004709220        176.281794667         18.999999253       -176.685076872       -176.685076872
  75          0.000000000       -175.004709220        176.281794667         18.999999253       -176.685102743       -176.685102743
  76          0.000000000       -175.004709220        176.281794667         18.999999253       -176.685128992       -176.685128992
  77          0.000000000       -175.004709220        176.281794667         18.999999253       -176.685145402       -176.685145402
  78          0.000000000       -175.004709220        176.281794667         18.999999253       -176.685149997       -176.685149997
  79          0.000000000       -175.004709220        176.281794667         18.999999253       -176.685157595       -176.685157595
  80          0.000000000       -175.004709220        176.281794667         18.999999253       -176.685159693       -176.685159693
  81          0.000000000       -175.004709220        176.281794667         18.999999253       -176.685167323       -176.685167323
  82          0.000000000       -175.004709220        176.281794667         18.999999253       -176.685169116       -176.685169116
  83       -107.169019546       -175.005714689        176.287919171         18.999999250       -176.686021723       -176.686021723
  84       -107.169781728       -175.006334916        176.287518061         18.999999248       -176.686487286       -176.686487286
  85       -107.170030452       -175.006919393        176.284712247         18.999999246       -176.686858891       -176.686858891
  86       -107.169787259       -175.007447780        176.281157449         18.999999244       -176.687164536       -176.687164536
  87       -107.169398432       -175.007913614        176.277652462         18.999999243       -176.687415328       -176.687415328
  88       -107.168960496       -175.008319876        176.274404009         18.999999242       -176.687619761       -176.687619761
  89       -107.168492842       -175.008671908        176.271443261         18.999999240       -176.687786234       -176.687786234
  90       -107.168063518       -175.008976826        176.268803022         18.999999240       -176.687921156       -176.687921156
  91       -107.167648391       -175.009240767        176.266439669         18.999999239       -176.688030597       -176.688030597
  92       -107.167273842       -175.009469726        176.264343191         18.999999238       -176.688119224       -176.688119224
  93       -107.166926275       -175.009668698        176.262476204         18.999999238       -176.688191064       -176.688191064
  94       -107.166609418       -175.009841953        176.260816308         18.999999237       -176.688249266       -176.688249266
  95       -107.166319333       -175.009993083        176.259338782         18.999999237       -176.688296421       -176.688296421
  96       -107.166054842       -175.010125182        176.258023217         18.999999236       -176.688334619       -176.688334619
  97       -107.167581243       -175.010062076        176.260111061         18.999999237       -176.688480937       -176.688480937
  98       -107.171655290       -175.009640747        176.267123030         18.999999239       -176.688681834       -176.688681834
  99       -107.167963820       -175.009897226        176.261857338         18.999999238       -176.688742845       -176.688742845
 100       -107.167155724       -175.009907509        176.259292250         18.999999239       -176.688782625       -176.688782625
 101       -107.170181818       -175.009803484        176.263174269         18.999999239       -176.688810440       -176.688810440
 102       -107.174772811       -175.009692498        176.270558340         18.999999239       -176.688832577       -176.688832577
 103       -107.173560606       -175.009736729        176.269838390         18.999999239       -176.688851937       -176.688851937
 104       -107.174484656       -175.009766713        176.270695167         18.999999239       -176.688867827       -176.688867827
 105       -107.167293460       -175.010055641        176.261084903         18.999999238       -176.688883864       -176.688883864
 106       -107.168562759       -175.010122214        176.260587250         18.999999238       -176.688895257       -176.688895257
 107       -107.167659981       -175.010196054        176.259115156         18.999999238       -176.688904271       -176.688904271
 108       -107.168587622       -175.010209264        176.259857020         18.999999238       -176.688914929       -176.688914929
 109       -107.168945314       -175.010216726        176.260261576         18.999999238       -176.688925023       -176.688925023
 110       -107.169515363       -175.010219936        176.260948004         18.999999238       -176.688933756       -176.688933756
 111       -107.169538999       -175.010238000        176.261000924         18.999999238       -176.688940670       -176.688940670
 112       -107.169891348       -175.010242883        176.261325069         18.999999238       -176.688947351       -176.688947351
 113       -107.170868677       -175.010218615        176.262376578         18.999999238       -176.688954279       -176.688954279
 114       -107.170615060       -175.010238647        176.262130656         18.999999238       -176.688958602       -176.688958602
 115       -107.170616724       -175.010252877        176.262084048         18.999999238       -176.688962322       -176.688962322
 116       -107.170659276       -175.010261146        176.261968191         18.999999238       -176.688966255       -176.688966255
 117       -107.170716501       -175.010268815        176.261929679         18.999999238       -176.688969530       -176.688969530
 118       -107.170700579       -175.010279153        176.261844645         18.999999238       -176.688972265       -176.688972265
 119       -107.170610676       -175.010292249        176.261712566         18.999999238       -176.688974712       -176.688974712
 120       -107.170606847       -175.010301956        176.261622871         18.999999238       -176.688976970       -176.688976970
 121       -107.170657957       -175.010308218        176.261624707         18.999999238       -176.688979065       -176.688979065
 122       -107.170632703       -175.010315832        176.261561234         18.999999238       -176.688980885       -176.688980885
 123       -107.170410133       -175.010330486        176.261289594         18.999999238       -176.688982203       -176.688982203
 124       -107.170552017       -175.010332440        176.261349260         18.999999238       -176.688983840       -176.688983840
 125       -107.170665921       -175.010333608        176.261457216         18.999999238       -176.688985301       -176.688985301
 126       -107.170794711       -175.010332919        176.261587044         18.999999238       -176.688986657       -176.688986657
 127       -107.170838903       -175.010334452        176.261639838         18.999999238       -176.688987787       -176.688987787
 128       -107.170888611       -175.010335370        176.261673190         18.999999238       -176.688988795       -176.688988795
 129       -107.170916905       -175.010336780        176.261678482         18.999999238       -176.688989652       -176.688989652
 130       -107.170904068       -175.010339858        176.261648410         18.999999238       -176.688990373       -176.688990373
 131          0.000000000       -175.010339858        176.261648410         18.999999238       -176.687139596       -176.688990373
 132          0.000000000       -175.010339858        176.261648410         18.999999238       -176.689218720       -176.689218720
 133          0.000000000       -175.010339858        176.261648410         18.999999238       -176.689251957       -176.689251957
 134          0.000000000       -175.010339858        176.261648410         18.999999238       -176.689494575       -176.689494575
 135          0.000000000       -175.010339858        176.261648410         18.999999238       -176.689696132       -176.689696132
 136          0.000000000       -175.010339858        176.261648410         18.999999238       -176.689858074       -176.689858074
 137          0.000000000       -175.010339858        176.261648410         18.999999238       -176.690005776       -176.690005776
 138          0.000000000       -175.010339858        176.261648410         18.999999238       -176.690017949       -176.690017949
 139          0.000000000       -175.010339858        176.261648410         18.999999238       -176.690029852       -176.690029852
 140          0.000000000       -175.010339858        176.261648410         18.999999238       -176.690054526       -176.690054526
 141          0.000000000       -175.010339858        176.261648410         18.999999238       -176.690086795       -176.690086795
 142          0.000000000       -175.010339858        176.261648410         18.999999238       -176.690059233       -176.690086795
 143          0.000000000       -175.010339858        176.261648410         18.999999238       -176.690094662       -176.690094662
 144          0.000000000       -175.010339858        176.261648410         18.999999238       -176.690102578       -176.690102578
 145          0.000000000       -175.010339858        176.261648410         18.999999238       -176.690104826       -176.690104826
 146       -107.174773093       -175.010561710        176.264759694         18.999999237       -176.690295328       -176.690295328
 147       -107.174961959       -175.010752623        176.264420497         18.999999236       -176.690431328       -176.690431328
 148       -107.174923868       -175.010921847        176.263417746         18.999999235       -176.690540753       -176.690540753
 149       -107.174835827       -175.011068422        176.262366821         18.999999235       -176.690629004       -176.690629004
 150       -107.174725789       -175.011193766        176.261386317         18.999999235       -176.690700183       -176.690700183
 151       -107.174617788       -175.011300621        176.260510563         18.999999234       -176.690757573       -176.690757573
 152       -107.174513444       -175.011391709        176.259735227         18.999999234       -176.690803808       -176.690803808
 153       -107.174415542       -175.011469441        176.259051827         18.999999234       -176.690841029       -176.690841029
 154       -107.174324632       -175.011535921        176.258449818         18.999999234       -176.690870991       -176.690870991
 155       -107.174240796       -175.011592929        176.257919312         18.999999234       -176.690895108       -176.690895108
 156       -107.174163821       -175.011641953        176.257451318         18.999999233       -176.690914523       -176.690914523
 157       -107.175108307       -175.011630933        176.258376346         18.999999233       -176.690944897       -176.690944897
 158       -107.178074456       -175.011492852        176.262123212         18.999999234       -176.690991377       -176.690991377
 159       -107.176559351       -175.011578146        176.260612050         18.999999234       -176.691007491       -176.691007491
 160       -107.175896738       -175.011618889        176.259168618         18.999999234       -176.691022406       -176.691022406
 161       -107.177720467       -175.011556792        176.261373041         18.999999234       -176.691031446       -176.691031446
 162       -107.178042852       -175.011552212        176.262503508         18.999999234       -176.691040247       -176.691040247
 163       -107.177286888       -175.011599210        176.261466743         18.999999234       -176.691047789       -176.691047789
 164       -107.177161047       -175.011625125        176.261022795         18.999999234       -176.691053902       -176.691053902
 165       -107.176985606       -175.011648120        176.260618916         18.999999234       -176.691059053       -176.691059053
 166       -107.175467810       -175.011720509        176.258377003         18.999999234       -176.691063095       -176.691063095
 167       -107.175430847       -175.011742602        176.257874058         18.999999234       -176.691067015       -176.691067015
 168       -107.175243487       -175.011761305        176.257474881         18.999999234       -176.691070280       -176.691070280
 169       -107.175757871       -175.011754733        176.258047029         18.999999234       -176.691073672       -176.691073672
 170       -107.175864503       -175.011758022        176.258241819         18.999999234       -176.691076339       -176.691076339
 171       -107.175880283       -175.011763741        176.258264806         18.999999234       -176.691078595       -176.691078595
 172       -107.176322375       -175.011754038        176.258798974         18.999999234       -176.691080976       -176.691080976
 173       -107.177288155       -175.011722740        176.260064394         18.999999234       -176.691083379       -176.691083379
 174       -107.177057977       -175.011730879        176.259904630         18.999999234       -176.691084923       -176.691084923
 175       -107.177024512       -175.011736383        176.259795713         18.999999234       -176.691086196       -176.691086196
 176       -107.176470406       -175.011762025        176.259039545         18.999999234       -176.691086864       -176.691086864
 177       -107.176759223       -175.011755251        176.259275201         18.999999234       -176.691088239       -176.691088239
 178          0.000000000       -175.011755251        176.259275201         18.999999234       -176.687899133       -176.691088239
 179          0.000000000       -175.011755251        176.259275201         18.999999234       -176.691140270       -176.691140270
 180          0.000000000       -175.011755251        176.259275201         18.999999234       -176.691151523       -176.691151523
 181          0.000000000       -175.011755251        176.259275201         18.999999234       -176.691201823       -176.691201823
 182          0.000000000       -175.011755251        176.259275201         18.999999234       -176.691258020       -176.691258020
 183          0.000000000       -175.011755251        176.259275201         18.999999234       -176.691333201       -176.691333201
 184          0.000000000       -175.011755251        176.259275201         18.999999234       -176.691315734       -176.691333201
 185          0.000000000       -175.011755251        176.259275201         18.999999234       -176.691347878       -176.691347878
 186          0.000000000       -175.011755251        176.259275201         18.999999234       -176.691357750       -176.691357750
 187          0.000000000       -175.011755251        176.259275201         18.999999234       -176.691364142       -176.691364142
 188          0.000000000       -175.011755251        176.259275201         18.999999234       -176.691374638       -176.691374638
 189          0.000000000       -175.011755251        176.259275201         18.999999234       -176.691385717       -176.691385717
 190          0.000000000       -175.011755251        176.259275201         18.999999234       -176.691382000       -176.691385717
 191          0.000000000       -175.011755251        176.259275201         18.999999234       -176.691391012       -176.691391012
 192          0.000000000       -175.011755251        176.259275201         18.999999234       -176.691395703       -176.691395703
 193          0.000000000       -175.011755251        176.259275201         18.999999234       -176.691399045       -176.691399045
 194          0.000000000       -175.011755251        176.259275201         18.999999234       -176.691402017       -176.691402017
 195          0.000000000       -175.011755251        176.259275201         18.999999234       -176.691407040       -176.691407040
 196          0.000000000       -175.011755251        176.259275201         18.999999234       -176.691410376       -176.691410376
 197          0.000000000       -175.011755251        176.259275201         18.999999234       -176.691412324       -176.691412324
 198          0.000000000       -175.011755251        176.259275201         18.999999234       -176.691421102       -176.691421102
 199          0.000000000       -175.011755251        176.259275201         18.999999234       -176.691431679       -176.691431679
 200          0.000000000       -175.011755251        176.259275201         18.999999234       -176.691438865       -176.691438865
 201          0.000000000       -175.011755251        176.259275201         18.999999234       -176.691443410       -176.691443410
 202       -107.177858857       -175.011821689        176.258357994         18.999999233       -176.691483351       -176.691483351
 203       -107.177687945       -175.011868087        176.257815332         18.999999233       -176.691509793       -176.691509793
 204       -107.177943816       -175.011889090        176.258019415         18.999999233       -176.691531576       -176.691531576
 205       -107.178021700       -175.011911998        176.258027136         18.999999233       -176.691549265       -176.691549265
 206       -107.178102563       -175.011931203        176.258043024         18.999999233       -176.691563716       -176.691563716
 207       -107.178129767       -175.011949644        176.257982400         18.999999233       -176.691575335       -176.691575335
 208       -107.178119731       -175.011967055        176.257859877         18.999999233       -176.691584934       -176.691584934
 209       -107.178119705       -175.011981861        176.257756163         18.999999233       -176.691593011       -176.691593011
 210       -107.178118612       -175.011994667        176.257665002         18.999999233       -176.691599707       -176.691599707
 211       -107.178312317       -175.011999145        176.257832920         18.999999233       -176.691606815       -176.691606815
 212       -107.179540878       -175.011960508        176.259342889         18.999999233       -176.691616528       -176.691616528
 213       -107.178685953       -175.011993985        176.258509812         18.999999233       -176.691619707       -176.691619707
 214       -107.178410997       -175.012012290        176.257979713         18.999999233       -176.691623527       -176.691623527
 215       -107.178717504       -175.012010273        176.258227188         18.999999233       -176.691626912       -176.691626912
 216       -107.178033518       -175.012036316        176.257375468         18.999999233       -176.691629420       -176.691629420
 217       -107.178999107       -175.012011679        176.258411998         18.999999233       -176.691632516       -176.691632516
 218       -107.179091575       -175.012007729        176.258707326         18.999999233       -176.691634601       -176.691634601
 219       -107.179345728       -175.012001721        176.259067227         18.999999233       -176.691636349       -176.691636349
 220       -107.178630254       -175.012024871        176.258234730         18.999999233       -176.691638105       -176.691638105
 221       -107.178641555       -175.012031544        176.258070380         18.999999233       -176.691639569       -176.691639569
 222       -107.178587691       -175.012037014        176.257954472         18.999999233       -176.691640794       -176.691640794
 223       -107.178573936       -175.012040649        176.257900518         18.999999233       -176.691641868       -176.691641868
 224       -107.178733583       -175.012038704        176.258072225         18.999999233       -176.691642827       -176.691642827
 225       -107.178831831       -175.012037028        176.258214314         18.999999233       -176.691643669       -176.691643669
 226          0.000000000       -175.012037028        176.258214314         18.999999233       -176.687723868       -176.691643669
 227          0.000000000       -175.012037028        176.258214314         18.999999233       -176.691652383       -176.691652383
 228          0.000000000       -175.012037028        176.258214314         18.999999233       -176.691656080       -176.691656080
 229          0.000000000       -175.012037028        176.258214314         18.999999233       -176.691668907       -176.691668907
 230          0.000000000       -175.012037028        176.258214314         18.999999233       -176.691688055       -176.691688055
 231          0.000000000       -175.012037028        176.258214314         18.999999233       -176.691715604       -176.691715604
 232          0.000000000       -175.012037028        176.258214314         18.999999233       -176.691727651       -176.691727651
 233          0.000000000       -175.012037028        176.258214314         18.999999233       -176.691737168       -176.691737168
 234       -107.179057328       -175.012088322        176.257501207         18.999999233       -176.691765151       -176.691765151
 235       -107.178970687       -175.012115309        176.257217830         18.999999233       -176.691777807       -176.691777807
 236       -107.178949684       -175.012130598        176.257101248         18.999999233       -176.691787504       -176.691787504
 237       -107.178822249       -175.012154498        176.256718655         18.999999233       -176.691794125       -176.691794125
 238       -107.178845679       -175.012160889        176.256713435         18.999999233       -176.691800974       -176.691800974
 239       -107.178942060       -175.012161768        176.256860756         18.999999233       -176.691806930       -176.691806930
 240       -107.178957865       -175.012166971        176.256864213         18.999999233       -176.691811104       -176.691811104
 241       -107.179006180       -175.012170013        176.256906803         18.999999233       -176.691814879       -176.691814879
 242       -107.179072774       -175.012170784        176.256998056         18.999999233       -176.691818258       -176.691818258
 243       -107.179086171       -175.012173834        176.257005432         18.999999233       -176.691820667       -176.691820667
 244       -107.179145494       -175.012174197        176.257082247         18.999999233       -176.691822939       -176.691822939
 245       -107.179120679       -175.012178807        176.257022634         18.999999233       -176.691823826       -176.691823826
 246       -107.179093631       -175.012182915        176.256952336         18.999999233       -176.691824605       -176.691824605
 247          0.000000000       -175.012182915        176.256952336         18.999999233       -176.688094891       -176.691824605
 248          0.000000000       -175.012182915        176.256952336         18.999999233       -176.691826660       -176.691826660
 249          0.000000000       -175.012182915        176.256952336         18.999999233       -176.691827688       -176.691827688
