           5           4
  0.298960888074D-03  0.964110222935D-03 -0.204057294301D-03  1  D2INV=      1.0000 SUGGEST=       1.0000
  0.761290079718D+00  0.717400475202D+00  0.698785770602D+00  1  D2INV=      1.0000 SUGGEST=       1.0000
 -0.758167103598D+00  0.680290021475D+00 -0.740324167539D+00  1  D2INV=      1.0000 SUGGEST=       1.0000
  0.637368476098D+00 -0.729065085823D+00 -0.810549287848D+00  1  D2INV=      1.0000 SUGGEST=       1.0000
 -0.643322577865D+00 -0.677809287238D+00  0.854086247200D+00  1  D2INV=      1.0000 SUGGEST=       1.0000
  0.164588626112D-01  0.302579583633D-01  0.102287651146D-01  1  D2INV=      1.0000 SUGGEST=       1.0000
 -0.405070275171D+00 -0.550616914373D+00  0.116740648678D+01  1  D2INV=      1.0000 SUGGEST=       1.0000
 -0.718139035520D-01  0.761342059305D+00 -0.397466558906D+00  1  D2INV=      1.0000 SUGGEST=       1.0000
  0.372295543964D+00 -0.376096678090D+00 -0.725419229492D+00  1  D2INV=      1.0000 SUGGEST=       1.0000
