          10          9
  0.515283074744D-05  0.800197184196D-05 -0.419833057510D-04  1  D2INV=      1.0000 SUGGEST=       1.0000
  0.211738354314D+00  0.170073809954D+00  0.365654548793D+00  1  D2INV=      1.0000 SUGGEST=       1.0000
  0.230336875627D+00  0.174766801247D+00 -0.351390440793D+00  1  D2INV=      1.0000 SUGGEST=       1.0000
 -0.440012250940D+00  0.108659202912D+00 -0.108119865422D-01  1  D2INV=      1.0000 SUGGEST=       1.0000
 -0.544779225972D-03 -0.453316760835D+00 -0.330799903313D-02  1  D2INV=      1.0000 SUGGEST=       1.0000
 -0.799370792834D+00 -0.394368019652D+00 -0.138873673148D+01  1  D2INV=      1.0000 SUGGEST=       1.0000
 -0.803841851070D+00 -0.387542511891D+00  0.138665905088D+01  1  D2INV=      1.0000 SUGGEST=       1.0000
  0.289678900088D+00  0.181285294416D+01  0.318663263452D-02  1  D2INV=      1.0000 SUGGEST=       1.0000
  0.168839732306D+01 -0.360839400344D+00 -0.274264456196D-02  1  D2INV=      1.0000 SUGGEST=       1.0000
  0.430198295671D+01 -0.633019995956D+00  0.403437349539D-01  1  D2INV=      1.0000 SUGGEST=       1.0000
  0.153895979151D-02 -0.396176729024D-03 -0.259066713157D-04  1  D2INV=      1.0000 SUGGEST=       1.0000
  0.203027684989D+00  0.163278957165D+00  0.369477841400D+00  1  D2INV=      1.0000 SUGGEST=       1.0000
  0.231890076744D+00  0.166747839138D+00 -0.350042001013D+00  1  D2INV=      1.0000 SUGGEST=       1.0000
 -0.445992939593D+00  0.124381927322D+00 -0.123809023190D-01  1  D2INV=      1.0000 SUGGEST=       1.0000
 -0.350067939093D-02 -0.449431652809D+00 -0.739460389877D-02  1  D2INV=      1.0000 SUGGEST=       1.0000
 -0.766811813988D+00 -0.434674144836D+00 -0.142423340039D+01  1  D2INV=      1.0000 SUGGEST=       1.0000
 -0.759054156008D+00 -0.440977281391D+00  0.142296310235D+01  1  D2INV=      1.0000 SUGGEST=       1.0000
  0.117901306679D+00  0.185288032824D+01 -0.251840303488D-02  1  D2INV=      1.0000 SUGGEST=       1.0000
  0.279347745758D+01 -0.375907119865D+00  0.792244359797D-02  1  D2INV=      1.0000 SUGGEST=       1.0000
