   3          TOTAL NUMBER OF ATOM TYPES                                        
   8   8      ELECTRONIC AND NUCLEAR CHARGE                                     
ALL           ALL-ELECTRON ATOM TYPE                                            
   1          NUMBER OF ATOMS OF TYPE OXY                                       
 0.000000 0.000000 0.000000 UPO                                                 
 0                                                                              
  13          NUMBER OF BARE GAUSSIANS                                          
   5   4   3  NUMBER OF S,P,D FUNCTIONS                                         
   0   0   1  SUPPLEMENTARY S,P,D FUNCTIONS                                     
       0.6120995220D+05       0.9191660630D+04       0.2094692730D+04           
       0.5935495900D+03       0.1936468550D+03       0.6977937380D+02           
       0.2693975300D+02       0.1093418610D+02       0.4565711210D+01           
       0.1884057180D+01       0.7553058400D+00       0.2915527400D+00           
       0.1049174000D+00                                                         
                                                                                
       0.2484510850D+00       0.4640692010D+00       0.8000280060D+00           
       0.1288259230D+01       0.1912301250D+01       0.2484317540D+01           
       0.2565928310D+01       0.1710267850D+01       0.4862767820D+00           
       0.2128629570D-01       0.3876386950D-03      -0.1273179470D-03           
       0.1805300580D-04                                                         
                                                                                
      -0.5837699430D-01      -0.1091869670D+00      -0.1884255660D+00           
      -0.3060803760D+00      -0.4627975500D+00      -0.6352657150D+00           
      -0.7423516650D+00      -0.6508699470D+00      -0.2850338670D+00           
       0.1945857910D+00       0.3001787390D+00       0.1205146690D+00           
       0.7304580300D-02                                                         
                                                                                
       0.0000000000D+00       0.0000000000D+00       0.0000000000D+00           
       0.0000000000D+00       0.0000000000D+00       0.0000000000D+00           
       0.0000000000D+00       0.0000000000D+00       0.0000000000D+00           
       0.0000000000D+00       0.1000000000D+01       0.0000000000D+00           
       0.0000000000D+00                                                         
                                                                                
       0.0000000000D+00       0.0000000000D+00       0.0000000000D+00           
       0.0000000000D+00       0.0000000000D+00       0.0000000000D+00           
       0.0000000000D+00       0.0000000000D+00       0.0000000000D+00           
       0.0000000000D+00       0.0000000000D+00       0.1000000000D+01           
       0.0000000000D+00                                                         
                                                                                
       0.0000000000D+00       0.0000000000D+00       0.0000000000D+00           
       0.0000000000D+00       0.0000000000D+00       0.0000000000D+00           
       0.0000000000D+00       0.0000000000D+00       0.0000000000D+00           
       0.0000000000D+00       0.0000000000D+00       0.0000000000D+00           
       0.1000000000D+01                                                         
                                                                                
       0.4803085360D-01       0.7673145870D-01       0.1493385660D+00           
       0.2241829500D+00       0.3683805400D+00       0.5002376060D+00           
       0.6764937310D+00       0.7390674950D+00       0.7096321280D+00           
       0.4954630190D+00       0.2131075530D+00       0.5731713790D-01           
       0.6280915410D-02                                                         
                                                                                
       0.0000000000D+00       0.0000000000D+00       0.0000000000D+00           
       0.0000000000D+00       0.0000000000D+00       0.0000000000D+00           
       0.0000000000D+00       0.0000000000D+00       0.0000000000D+00           
       0.0000000000D+00       0.1000000000D+01       0.0000000000D+00           
       0.0000000000D+00                                                         
                                                                                
       0.0000000000D+00       0.0000000000D+00       0.0000000000D+00           
       0.0000000000D+00       0.0000000000D+00       0.0000000000D+00           
       0.0000000000D+00       0.0000000000D+00       0.0000000000D+00           
       0.0000000000D+00       0.0000000000D+00       0.1000000000D+01           
       0.0000000000D+00                                                         
                                                                                
       0.0000000000D+00       0.0000000000D+00       0.0000000000D+00           
       0.0000000000D+00       0.0000000000D+00       0.0000000000D+00           
       0.0000000000D+00       0.0000000000D+00       0.0000000000D+00           
       0.0000000000D+00       0.0000000000D+00       0.0000000000D+00           
       0.1000000000D+01                                                         
                                                                                
       0.0000000000D+00       0.0000000000D+00       0.0000000000D+00           
       0.0000000000D+00       0.0000000000D+00       0.0000000000D+00           
       0.0000000000D+00       0.0000000000D+00       0.0000000000D+00           
       0.1000000000D+01       0.0000000000D+00       0.0000000000D+00           
       0.0000000000D+00                                                         
                                                                                
       0.0000000000D+00       0.0000000000D+00       0.0000000000D+00           
       0.0000000000D+00       0.0000000000D+00       0.0000000000D+00           
       0.0000000000D+00       0.0000000000D+00       0.0000000000D+00           
       0.0000000000D+00       0.1000000000D+01       0.0000000000D+00           
       0.0000000000D+00                                                         
                                                                                
       0.0000000000D+00       0.0000000000D+00       0.0000000000D+00           
       0.0000000000D+00       0.0000000000D+00       0.0000000000D+00           
       0.0000000000D+00       0.0000000000D+00       0.0000000000D+00           
       0.0000000000D+00       0.0000000000D+00       0.1000000000D+01           
       0.0000000000D+00                                                         
                                                                                
       0.0000000000D+00       0.0000000000D+00       0.0000000000D+00           
       0.0000000000D+00       0.0000000000D+00       0.0000000000D+00           
       0.0000000000D+00       0.0000000000D+00       0.0000000000D+00           
       0.0000000000D+00       0.0000000000D+00       0.0000000000D+00           
       0.1000000000D+01                                                         
                                                                                
   1   1      ELECTRONIC AND NUCLEAR CHARGE                                     
ALL           ALL-ELECTRON ATOM TYPE                                            
   1          NUMBER OF ATOMS OF TYPE HYD                                       
 1.450000 1.120000 0.000000 UPO                                                 
 0                                                                              
   6          NUMBER OF BARE GAUSSIANS                                          
   4   3   1  NUMBER OF S,P,D FUNCTIONS                                         
   0   1   1  SUPPLEMENTARY S,P,D FUNCTIONS                                     
       0.7784080190D+02       0.1153441740D+02       0.2613858140D+01           
       0.7321663300D+00       0.2283819000D+00       0.7450697000D-01           
                                                                                
       0.3765677010D-01       0.7036322570D-01       0.1131455390D+00           
       0.1393935110D+00       0.1091635820D+00       0.3585699350D-01           
                                                                                
       0.0000000000D+00       0.0000000000D+00       0.0000000000D+00           
       0.1000000000D+01       0.0000000000D+00       0.0000000000D+00           
                                                                                
       0.0000000000D+00       0.0000000000D+00       0.0000000000D+00           
       0.0000000000D+00       0.1000000000D+01       0.0000000000D+00           
                                                                                
       0.0000000000D+00       0.0000000000D+00       0.0000000000D+00           
       0.0000000000D+00       0.0000000000D+00       0.1000000000D+01           
                                                                                
       0.0000000000D+00       0.0000000000D+00       0.1000000000D+01           
       0.0000000000D+00       0.0000000000D+00       0.0000000000D+00           
                                                                                
       0.0000000000D+00       0.0000000000D+00       0.0000000000D+00           
       0.1000000000D+01       0.0000000000D+00       0.0000000000D+00           
                                                                                
       0.0000000000D+00       0.0000000000D+00       0.0000000000D+00           
       0.0000000000D+00       0.1000000000D+01       0.0000000000D+00           
                                                                                
       0.0000000000D+00       0.0000000000D+00       0.0000000000D+00           
       0.0000000000D+00       0.0000000000D+00       0.1000000000D+01           
                                                                                
       0.0000000000D+00       0.0000000000D+00       0.0000000000D+00           
       0.1000000000D+01       0.0000000000D+00       0.0000000000D+00           
                                                                                
       0.0000000000D+00       0.0000000000D+00       0.0000000000D+00           
       0.0000000000D+00       0.1000000000D+01       0.0000000000D+00           
                                                                                
   9   9      ELECTRONIC AND NUCLEAR CHARGE                                     
ALL           ALL-ELECTRON ATOM TYPE                                            
   1          NUMBER OF ATOMS OF TYPE FLU                                       
 0.000000 3.942067 0.000000 UPO                                                 
 0                                                                              
  14          NUMBER OF BARE GAUSSIANS                                          
   5   4   3  NUMBER OF S,P,D FUNCTIONS                                         
   0   0   1  SUPPLEMENTARY S,P,D FUNCTIONS                                     
       0.1231742220D+06       0.1865493160D+05       0.4284660370D+04           
       0.1223150920D+04       0.4016733760D+03       0.1457852270D+03           
       0.5694551760D+02       0.2349311190D+02       0.1003418550D+02           
       0.4343769680D+01       0.1868203030D+01       0.7806879100D+00           
       0.3149846100D+00       0.1181861600D+00                                  
                                                                                
       0.2355763350D+00       0.4376225000D+00       0.7524712120D+00           
       0.1216638020D+01       0.1845316540D+01       0.2551384850D+01           
       0.3004077050D+01       0.2682876730D+01       0.1405497250D+01           
       0.2609771830D+00       0.2555561480D-02       0.7546130340D-03           
      -0.1646029690D-03       0.2082887950D-04                                  
                                                                                
      -0.5583942250D-01      -0.1035858050D+00      -0.1788144750D+00           
      -0.2894265580D+00      -0.4466115800D+00      -0.6343658820D+00           
      -0.8145208580D+00      -0.8538368980D+00      -0.6447789780D+00           
      -0.1142431720D+00       0.3167190590D+00       0.3041863400D+00           
       0.1005780670D+00       0.4817488440D-02                                  
                                                                                
       0.0000000000D+00       0.0000000000D+00       0.0000000000D+00           
       0.0000000000D+00       0.0000000000D+00       0.0000000000D+00           
       0.0000000000D+00       0.0000000000D+00       0.0000000000D+00           
       0.0000000000D+00       0.0000000000D+00       0.1000000000D+01           
       0.0000000000D+00       0.0000000000D+00                                  
                                                                                
       0.0000000000D+00       0.0000000000D+00       0.0000000000D+00           
       0.0000000000D+00       0.0000000000D+00       0.0000000000D+00           
       0.0000000000D+00       0.0000000000D+00       0.0000000000D+00           
       0.0000000000D+00       0.0000000000D+00       0.0000000000D+00           
       0.1000000000D+01       0.0000000000D+00                                  
                                                                                
       0.0000000000D+00       0.0000000000D+00       0.0000000000D+00           
       0.0000000000D+00       0.0000000000D+00       0.0000000000D+00           
       0.0000000000D+00       0.0000000000D+00       0.0000000000D+00           
       0.0000000000D+00       0.0000000000D+00       0.0000000000D+00           
       0.0000000000D+00       0.1000000000D+01                                  
                                                                                
       0.4900854750D-01       0.9059901630D-01       0.1569389330D+00           
       0.2549422150D+00       0.3969983700D+00       0.5817501900D+00           
       0.7854593500D+00       0.9713952850D+00       0.1017485400D+01           
       0.8881348760D+00       0.5325776020D+00       0.2097448310D+00           
       0.5358788830D-01       0.5596492130D-02                                  
                                                                                
       0.0000000000D+00       0.0000000000D+00       0.0000000000D+00           
       0.0000000000D+00       0.0000000000D+00       0.0000000000D+00           
       0.0000000000D+00       0.0000000000D+00       0.0000000000D+00           
       0.0000000000D+00       0.0000000000D+00       0.1000000000D+01           
       0.0000000000D+00       0.0000000000D+00                                  
                                                                                
       0.0000000000D+00       0.0000000000D+00       0.0000000000D+00           
       0.0000000000D+00       0.0000000000D+00       0.0000000000D+00           
       0.0000000000D+00       0.0000000000D+00       0.0000000000D+00           
       0.0000000000D+00       0.0000000000D+00       0.0000000000D+00           
       0.1000000000D+01       0.0000000000D+00                                  
                                                                                
       0.0000000000D+00       0.0000000000D+00       0.0000000000D+00           
       0.0000000000D+00       0.0000000000D+00       0.0000000000D+00           
       0.0000000000D+00       0.0000000000D+00       0.0000000000D+00           
       0.0000000000D+00       0.0000000000D+00       0.0000000000D+00           
       0.0000000000D+00       0.1000000000D+01                                  
                                                                                
       0.0000000000D+00       0.0000000000D+00       0.0000000000D+00           
       0.0000000000D+00       0.0000000000D+00       0.0000000000D+00           
       0.0000000000D+00       0.0000000000D+00       0.0000000000D+00           
       0.0000000000D+00       0.1000000000D+01       0.0000000000D+00           
       0.0000000000D+00       0.0000000000D+00                                  
                                                                                
       0.0000000000D+00       0.0000000000D+00       0.0000000000D+00           
       0.0000000000D+00       0.0000000000D+00       0.0000000000D+00           
       0.0000000000D+00       0.0000000000D+00       0.0000000000D+00           
       0.0000000000D+00       0.0000000000D+00       0.1000000000D+01           
       0.0000000000D+00       0.0000000000D+00                                  
                                                                                
       0.0000000000D+00       0.0000000000D+00       0.0000000000D+00           
       0.0000000000D+00       0.0000000000D+00       0.0000000000D+00           
       0.0000000000D+00       0.0000000000D+00       0.0000000000D+00           
       0.0000000000D+00       0.0000000000D+00       0.0000000000D+00           
       0.1000000000D+01       0.0000000000D+00                                  
                                                                                
       0.0000000000D+00       0.0000000000D+00       0.0000000000D+00           
       0.0000000000D+00       0.0000000000D+00       0.0000000000D+00           
       0.0000000000D+00       0.0000000000D+00       0.0000000000D+00           
       0.0000000000D+00       0.0000000000D+00       0.0000000000D+00           
       0.0000000000D+00       0.1000000000D+01                                  
                                                                                
 10.0000 -9.00000                                                               
WFOUT                                                                           
     2     SPIN
    20     NUMBER OF OCCUPIED ORBITALS, EVALUES:
  -24.1215875742      -18.6838063329      -1.07156338259    
 -0.975075952877     -0.474820184573     -0.362257035876    
 -0.545237115090     -0.370377258823     -0.373270849722    
 -0.321379331585      -24.0998823053      -18.6732555196    
  -1.03501711263     -0.952562911807     -0.428988412191    
 -0.302908649909     -0.535452060935     -0.347612754285    
 -0.353001916707     -0.307213527534    
     4     NUMBER OF REPRESENTATIONS
     6    50
   1.00000000000       1.00000000000       1.00000000000    
   1.00000000000       1.00000000000       1.00000000000    
  
 -0.132529639152E-04 -0.453620273452E-04 -0.134089944322E-04
  0.508404812699E-04 -0.913240568685E-05  0.415697697789E-04
 -0.537282204847E-04  0.427507427145E-06 -0.208503092400E-05
  0.247513463311E-04  0.561572578491E-04  0.317170443608E-04
 -0.113749090843E-04 -0.566920106220E-04 -0.123019388637E-04
 -0.597929949020E-05 -0.949898137253E-06  0.474384994836E-05
  0.136767794873E-03  0.216444116900E-05 -0.840965815657E-04
 -0.419427879361E-05  0.382326443165E-04 -0.586414644535E-04
 -0.396097075608E-04  0.615704075666E-05  0.233476526357E-04
 -0.200522760068E-04  0.492991758679E-04  0.425718337939E-04
  0.248178566637E-04 -0.247776706906E-04  0.999146521239    
 -0.168600740281E-02  0.178947765409E-02  0.103343365784E-03
 -0.855217512223E-05 -0.873101102003E-03  0.395743445966E-03
 -0.140633158312E-04 -0.662306136243E-05 -0.254367655234E-02
  0.120930488267E-03 -0.268647586916E-02 -0.235577171230E-03
 -0.725844088161E-03 -0.199984059930E-03  0.347333228845E-04
  0.985919306188E-04  0.266803324312E-04
  
  0.999810467670      0.394416086343E-03 -0.149869445491E-03
  0.464754629268E-03  0.327720544505E-04  0.473378341307E-02
 -0.238094739741E-02 -0.559227582663E-04 -0.117455251401E-04
  0.190847321025E-03  0.129956656402E-02 -0.197687212638E-02
 -0.919071136881E-03 -0.110791395800E-02 -0.214739590955E-03
  0.784114670884E-04  0.710066795196E-04 -0.136892349197E-04
  0.112866889527E-03  0.314262106361E-03 -0.311222724838E-03
 -0.812200360669E-05  0.153322305884E-03  0.588664487125E-04
 -0.651585017435E-03 -0.349305070398E-03  0.564333568149E-04
  0.606489966403E-04  0.354035365623E-03  0.985733865436E-04
 -0.594377303419E-06  0.306530094730E-03 -0.961211341753E-05
 -0.312234520222E-04  0.684487389476E-04 -0.387882666518E-04
 -0.297029016508E-04 -0.142910044087E-04 -0.159044964640E-04
  0.384251070430E-04  0.749237822247E-05 -0.378110476489E-04
  0.101741296060E-03 -0.166521082612E-04  0.359269771456E-04
 -0.324314373435E-04  0.263821055622E-04  0.114217581963E-04
 -0.535088076885E-05  0.120928857132E-04
  
 -0.258760882227E-02  0.285322981440     -0.773458700850E-02
 -0.668827673239E-02 -0.129420623774E-02  0.137430288118    
 -0.311774869833E-02 -0.559258837392E-02 -0.985426595378E-03
  0.811932795698E-02  0.146933165456E-01 -0.925344247546E-02
 -0.177051969273E-02 -0.338220928873E-03 -0.341836944151E-02
 -0.804185355910E-03 -0.553109537245E-03 -0.784945645822E-03
  0.257057406109     -0.408122628987E-02 -0.187547394910E-01
 -0.924441326229E-02 -0.107339424097E-01 -0.581350877062E-02
 -0.139343616555E-01 -0.763877206177E-04 -0.159346332667E-02
 -0.179567375263E-04  0.479678861815E-02  0.239103993187E-02
 -0.164548500735E-02  0.142075073856E-03  0.124912106607E-04
  0.908858413075     -0.651576948139E-02  0.247834419011E-02
  0.918081537006E-03 -0.764471279793E-01 -0.241721776442E-02
 -0.633837842955E-03  0.281405282735E-03 -0.137180896912E-01
  0.303237530457E-01 -0.158564331682E-01 -0.251519086814E-02
  0.719905026979E-02 -0.392876839206E-02 -0.590898586507E-03
  0.495530949401E-03 -0.959056419066E-03
  
 -0.527242896159E-02  0.823879002144     -0.150136053073E-01
 -0.158452151489E-01 -0.300787798884E-02  0.257334807341    
 -0.276183149992E-02 -0.122084737959E-01 -0.179228312772E-02
  0.256359331581E-01  0.275333451317E-01 -0.209050588695E-01
 -0.205203311582E-02 -0.155284586829E-03 -0.712061326175E-02
 -0.169233397606E-02 -0.159830394095E-02 -0.169106900175E-02
  0.548457136218     -0.917850743571E-02 -0.378890094047E-01
 -0.193400002730E-01 -0.290028954554E-01 -0.209157148665E-01
 -0.238755878261E-01 -0.167775284701E-01 -0.375563501126E-02
 -0.264024004389E-02  0.534574475098E-02 -0.464300571542E-03
 -0.396909120360E-02  0.101754794388E-01 -0.511416590300E-03
 -0.396092682968     -0.922169285407E-03 -0.204828761315E-02
 -0.800018514773E-03 -0.646073386176E-01 -0.152810455232E-03
  0.523713659909E-03  0.440781015806E-03  0.457086161035E-02
 -0.106277571693E-01  0.491800631746E-02 -0.248731522770E-03
  0.224434272242E-02  0.889869009476E-04 -0.195751520374E-04
 -0.139145798025E-03 -0.362131724547E-04
  
  0.282970067537E-02  0.316975387619      0.781774061279E-02
  0.202569593172E-01  0.870993608919E-02 -0.959683757948    
  0.974042985909E-02  0.111859806173E-01  0.276871042952E-02
  0.391480790029E-02 -0.245542245046E-01  0.108454022739E-01
  0.706686960907E-02  0.226223987344E-02  0.395806383123E-02
  0.201549128634E-02  0.100519222516E-03  0.140793194281E-02
 -0.354470457874     -0.252666607833E-02  0.940894692551E-02
  0.105606211084E-01  0.108955906753E-01 -0.563024815854E-02
  0.240292707907E-01 -0.139800925425E-01  0.507763124644E-02
 -0.330497394287E-02 -0.124305797428E-01  0.617324685451E-03
  0.248104545293E-02  0.609663279226E-02  0.666628994186E-03
  0.999642144432E-01  0.890339207540E-03  0.541961252087E-02
  0.334655070724E-02   1.15152371389      0.408840801298E-02
 -0.253852537816E-02 -0.179266122570E-02  0.335036380856E-02
 -0.474558128341E-02  0.421778063091E-02  0.433242897559E-04
 -0.972614322597E-02  0.107358587935E-02 -0.199966438803E-03
 -0.421710746328E-03 -0.299798375657E-03
  
 -0.184482144811E-02 -0.120505230310      0.562179065260E-03
 -0.221870819421E-01 -0.870648453731E-02   1.20391033029    
  0.148599737747E-02 -0.140850277233E-01 -0.157300178083E-02
  0.856282546927E-02  0.166299997193E-01 -0.134222152685E-01
 -0.536287729589E-02  0.150189466814E-02 -0.174070688804E-02
 -0.140752785761E-02 -0.279486410093E-02 -0.245145191710E-03
  0.370470785844      0.407362544259E-02 -0.105931982672E-01
 -0.115860459123E-01 -0.224401874639E-01 -0.540939489046E-02
 -0.180390278639E-01 -0.940665972155E-02 -0.366216053242E-02
 -0.138401015862E-02  0.503064061317E-02 -0.786010650978E-02
 -0.198472948877E-02  0.825446752805E-02 -0.891078363436E-03
 -0.575365115670E-01 -0.483510628849E-02 -0.360058616090E-02
 -0.638688025175E-03   1.29401585431      0.410792084857E-02
 -0.103356062497E-02  0.695068459076E-03  0.206742475038E-02
 -0.113449157518E-02  0.146041320314E-02 -0.503730803166E-03
  0.102970720530E-03 -0.229498631149E-03 -0.545676401555E-03
  0.738895493686E-03 -0.687186046458E-03
     2    28
   1.00000000000       1.00000000000    
  
   1.32675761176     -0.944743396905E-02 -0.320906192308E-01
 -0.568964994813E-02  0.114182005125      0.726539612651E-02
 -0.183958117216E-02  0.917010812825      0.313002122227E-03
 -0.355508688726E-01 -0.295352575348E-01 -0.235801517341E-01
 -0.316837626069E-01 -0.196611030792E-01 -0.255568817972E-01
 -0.558654113770E-02 -0.509263457370E-02  0.113287190420E-02
  0.708124599453E-02 -0.401436613615E-02  0.101418232640E-01
  0.236327269003      0.304899193529E-03  0.521131782157E-04
 -0.429003047459E-03 -0.878349154230E-02 -0.929425301181E-02
 -0.665948184035E-03
  
  0.363977785132     -0.317328147295E-02 -0.397773025808E-02
 -0.181170519281E-03  0.139760423438E-01 -0.480414254440E-02
  0.625799523660E-03  0.830903098075E-01  0.184219526039E-02
 -0.939394657453E-02 -0.478365622676E-02 -0.643637648263E-02
 -0.112130383156E-01 -0.389449625823E-02 -0.175667637386E-01
  0.496787910201E-03 -0.672985705558E-02  0.103088961963E-04
 -0.356936494934E-02 -0.538111436107E-03  0.654028345834E-02
  -1.66134443393      0.157726376602E-02 -0.302489979747E-02
 -0.148131308191E-02  0.117709288291E-01  0.673313894823E-02
  0.706384348689E-03
     2    19
   1.00000000000       1.00000000000    
  
  0.575514996672     -0.168052193069E-02 -0.203608808062E-02
  0.890891039046E-04  0.267997853250E-01  0.250433381101E-02
  0.218590092923E-02  0.954543831950E-02  0.163238474006E-01
  0.587557579763E-02 -0.128623171728E-01  0.143266333550E-02
   1.54905231600     -0.292707659870E-02  0.364539170366E-02
  0.183407547609E-02 -0.150363195782E-01 -0.542403344452E-02
 -0.333806278056E-02
  
   1.53689885235     -0.147425427965E-02 -0.111347352504E-02
  0.133633375878E-02  0.416966730933E-01  0.744076412887E-02
  0.677905268167E-03  0.206861360832E-01  0.285154453812E-01
  0.717638305310E-02 -0.176013692562E-01 -0.147366773738E-01
 -0.695717576734      0.903633718632E-03 -0.162115048666E-02
 -0.113756715679E-02 -0.161633618421E-02 -0.203870396564E-02
 -0.572139098787E-03
     0    11

     6    50
   1.00000000000       1.00000000000       1.00000000000    
   1.00000000000       1.00000000000      0.448825753914E-09
  
 -0.172917487933E-05 -0.612453174071E-05 -0.173764852603E-04
 -0.831233917713E-05 -0.183518696183E-05  0.525527785472E-05
 -0.107537966580E-04 -0.990434153576E-05 -0.224221293410E-05
  0.102810031255E-04  0.577149863400E-05  0.420311947101E-05
 -0.128639202375E-04 -0.124506111017E-04 -0.433847173652E-05
 -0.151909684192E-05 -0.376935974669E-05 -0.465569995398E-05
 -0.201436634764E-04  0.559890379259E-06  0.336885023370E-04
 -0.163228674889E-05  0.132371025386E-04 -0.115603951332E-04
 -0.163478302830E-04  0.441126862586E-05 -0.112600302155E-04
  0.476594281697E-05  0.220017051508E-05 -0.268178109732E-06
 -0.910505850612E-05  0.713176170634E-06  -1.00059313378    
 -0.761898804989E-03  0.108699122110E-02  0.283746874057E-03
  0.533149730557E-04  0.604694746803E-03 -0.288306656802E-03
  0.195016952820E-04 -0.811243995459E-05 -0.262284580286E-02
 -0.219063792184E-02 -0.252349686684E-02 -0.297676336075E-03
 -0.373411295113E-03 -0.313615234703E-03 -0.601077336726E-04
 -0.596983479855E-04 -0.571065429584E-04
  
  -1.00028869095     -0.396562374854E-03  0.111100956688E-02
 -0.416242580467E-03 -0.248475306682E-04 -0.499791839986E-02
  0.242486585569E-02  0.565186040175E-05  0.183563140000E-04
 -0.340965737013E-02 -0.207523051987E-02 -0.120275658883E-02
  0.690731032000E-03  0.413746525079E-03 -0.574646325853E-04
 -0.124700239018E-03 -0.754776219543E-04 -0.180474463555E-04
 -0.151313179834E-03 -0.288118831213E-03  0.404091883133E-03
  0.101885837857E-04 -0.114957039518E-03 -0.466809423736E-04
  0.577905370211E-03  0.376970354614E-03 -0.828065355186E-04
 -0.851998338619E-04 -0.299586997902E-03 -0.125958660035E-03
 -0.392281382049E-05 -0.329278507001E-03  0.831391764128E-05
  0.266251398592E-04 -0.553563384586E-04  0.275057096447E-04
  0.188917730143E-04  0.729359523700E-05  0.190512250639E-04
 -0.256933041497E-04 -0.422554989337E-05  0.533250852431E-04
 -0.931242058020E-04  0.119767543576E-04 -0.412118598441E-04
  0.276877880706E-04 -0.178191479506E-04 -0.494019969494E-05
  0.245673693214E-05 -0.109971035729E-04
  
  0.337678228088E-02 -0.363252265216      0.975105570037E-02
  0.761660424319E-02  0.141564575356E-02 -0.164621503956    
  0.375576649195E-02  0.611307667649E-02  0.111759419560E-02
 -0.132032622447E-01 -0.114629506607E-01  0.891291978950E-02
  0.174694806725E-02  0.867661400803E-03  0.353084241305E-02
  0.819798537506E-03  0.555348399103E-03  0.849001309159E-03
 -0.317561473537      0.481783267888E-02  0.231264205344E-01
  0.113556835989E-01  0.134547461582E-01  0.762748056648E-02
  0.164359215903E-01  0.192374365189E-02  0.186457168561E-02
  0.175854338378E-03 -0.532186075437E-02 -0.263995160029E-02
  0.198131534392E-02 -0.148064702818E-02  0.128348459455E-02
 -0.849710807796      0.661594665158E-02 -0.426149716003E-02
 -0.111978034765E-02  0.678896316071E-01  0.202517938767E-02
  0.189013473911E-02 -0.347786294108E-03 -0.645851829418E-03
 -0.179779894805E-02  0.124176469110E-02  0.669068225958E-05
 -0.677761387305E-02  0.144750268727E-02 -0.238612716822E-05
 -0.414879478170E-03  0.377760873889E-03
  
  0.552105341282E-02 -0.781641371164      0.148026492579E-01
  0.138169625145E-01  0.259279256144E-02 -0.243286716208    
  0.242534551715E-02  0.107038941517E-01  0.169508663312E-02
 -0.300860588866E-01 -0.128683467316E-01  0.144599672934E-01
  0.100200893892E-02  0.116906133331E-02  0.525228476662E-02
  0.123807799066E-02  0.146623191349E-02  0.131088540329E-02
 -0.524826366401      0.835313290569E-02  0.366408863658E-01
  0.185257495195E-01  0.272008788600E-01  0.199269591701E-01
  0.224668790543E-01  0.174182246675E-01  0.334620042163E-02
  0.263431045346E-02 -0.486558803525E-02  0.242443733231E-03
  0.361900303306E-02 -0.105939300868E-01 -0.162527601940E-03
  0.481536323728      0.713771160782E-03  0.303826671306E-02
  0.978506403951E-03  0.538991263893E-01 -0.426863318675E-03
 -0.770525969059E-03 -0.294369841718E-03  0.161138065534E-02
 -0.162552400169E-02  0.113544207440E-02  0.154978399696E-02
 -0.111347990245E-02  0.106658986587E-02  0.394517724252E-03
  0.647520984047E-04  0.359841628939E-03
  
  0.278721241307E-02  0.337586746326      0.924134914669E-02
  0.231908667181E-01  0.104813171599E-01  -1.07883730016    
  0.123784649739E-01  0.968347004249E-02  0.219895409182E-02
  0.453408994832E-02 -0.324944202594E-01  0.162047325672E-01
  0.118881734488E-01 -0.104134555957E-04  0.540300267598E-02
  0.258276265898E-02 -0.264745208475E-03  0.177237078233E-02
 -0.416631231003     -0.518803721580E-02  0.117793955232E-01
  0.126069801638E-01  0.139745999899E-01 -0.713483160555E-02
  0.264732716663E-01 -0.106216616039E-01  0.460004140706E-02
 -0.338630815572E-02 -0.123530294141E-01  0.830664201101E-03
  0.224977081115E-02  0.209321686058E-02  0.836437786096E-03
  0.110432204078      0.365978754702E-02  0.475171062003E-02
  0.283914974684E-02  0.917921569913      0.231703206780E-02
  0.319555421375E-02 -0.294920647553E-03  0.338292931872E-02
 -0.639871679738E-02  0.434680272500E-02  0.846913698073E-03
 -0.840262155530E-02  0.195120049417E-02  0.323323537377E-03
 -0.137805616223E-02  0.353750178481E-03
  
 -0.126365088669E-02 -0.713541005685E-01  0.210348522822E-02
 -0.190486306169E-01 -0.867305808569E-02   1.04449136310    
 -0.142026684656E-02 -0.773806211184E-02  0.218918443651E-03
  0.927407561464E-02  0.154568683050E-01 -0.131022840047E-01
 -0.677984440490E-02  0.180164898151E-02 -0.116728019025E-02
 -0.109848627294E-02 -0.871682118250E-03  0.400336615961E-04
  0.315831084852      0.462004750910E-02 -0.738758775396E-02
 -0.995910881654E-02 -0.206253326464E-01 -0.661281617139E-02
 -0.157521835833E-01 -0.140240674807E-01 -0.291508147802E-02
 -0.246201665312E-02  0.316095112007E-02 -0.628285798989E-02
 -0.221305142304E-02  0.111151064354E-01 -0.648873990998E-03
 -0.461978502819E-01 -0.765727322587E-02 -0.154331185647E-02
  0.110985424988E-03   1.39565297160      0.392805584696E-02
  0.796199122365E-02  0.348913711068E-02  0.915781923144E-03
  0.268737647495E-02  0.310183949471E-03 -0.224211532808E-02
 -0.248369040742E-02 -0.172583107435E-02 -0.122926435802E-02
 -0.203099552784E-02 -0.135299617939E-02
     2    28
   1.00000000000       1.00000000000    
  
   1.31035711207     -0.833680585857E-02 -0.287652420684E-01
 -0.534996508134E-02  0.114707523875      0.117867394963E-01
 -0.564316758608E-03  0.924051158320     -0.176528181635E-02
 -0.377824013367E-01 -0.297493931700E-01 -0.231886756618E-01
 -0.306759707696E-01 -0.163489671613E-01 -0.245690769313E-01
 -0.454426098614E-02 -0.473046119528E-02 -0.619213755921E-03
  0.770098028786E-02 -0.396536919819E-02  0.913840996542E-02
  0.220105513324      0.229036517002E-03  0.470583852878E-03
 -0.304351744648E-03 -0.831571811770E-02 -0.863589056602E-02
 -0.863150294819E-03
  
  0.360027871673     -0.153367025330E-02 -0.391321009284E-02
  0.204117342633E-03  0.135331741067E-01 -0.283784949428E-02
  0.527048798907E-03  0.776589256046E-01  0.137737242961E-03
 -0.764465125943E-02 -0.523267386660E-02 -0.618843217083E-02
 -0.117816729391E-01 -0.298932176297E-02 -0.170625923926E-01
 -0.335186262023E-03 -0.636422618144E-02 -0.556377840769E-03
 -0.256173655276E-02 -0.823617813801E-03  0.461346215696E-02
  -1.63584405164      0.189009439301E-02 -0.699895288567E-02
 -0.277483895527E-02  0.743091562879E-02  0.559515575710E-02
  0.235225850947E-02
     2    19
   1.00000000000      0.999999999551    
  
  0.719586406383     -0.169077528898E-02 -0.138125529762E-02
  0.569121237705E-03  0.322726890530E-01  0.469735299090E-02
  0.266817797850E-02  0.119568816008E-01  0.190930679010E-01
  0.657240599323E-02 -0.134109019033E-01 -0.457918693218E-03
   1.44524803794     -0.229893241056E-02  0.615115788312E-02
  0.286218584717E-02 -0.111206203090E-01 -0.479301584882E-02
 -0.408716817592E-02
  
   1.45615194179     -0.155890404677E-02  0.986576152101E-03
  0.196768852437E-02  0.426144611684E-01  0.872845535616E-02
  0.141902954794E-02  0.201113281027E-01  0.260003732883E-01
  0.657292706799E-02 -0.147029941845E-01 -0.151526752768E-01
 -0.841153951190      0.809268549570E-03 -0.365787387237E-02
 -0.199928180029E-02 -0.227056954336E-02 -0.167651739082E-02
  0.157765038280E-03
     0    11

