  IT          TRACE                ETOT                 EKIN+ENONLOC          CHARGE              EDFT+SIC              LOWEST
   1        -95.156419956       -174.974698396        175.371511907         18.999995843       -174.974698396       -174.974698396
   2        -93.142440930       -175.028940914        172.474580310         18.999998276       -175.028940914       -175.028940914
   3        -93.519075729       -175.046045589        173.188619155         18.999998293       -175.046045589       -175.046045589
   4        -94.037901036       -175.056355056        174.186653822         18.999998325       -175.056355056       -175.056355056
   5        -94.052272662       -175.056728666        174.288945230         18.999998335       -175.056728666       -175.056728666
   6        -94.031846181       -175.056740522        174.260563055         18.999998336       -175.056740522       -175.056740522
  IT          TRACE                ETOT                 EKIN+ENONLOC          CHARGE              EDFT+SIC              LOWEST
   1        -95.156419956       -174.974698396        175.371511907         18.999995843       -174.974698396       -174.974698396
   2        -93.142440923       -175.028940914        172.474580279         18.999998276       -175.028940914       -175.028940914
   3        -93.519075722       -175.046045589        173.188619125         18.999998293       -175.046045589       -175.046045589
   4        -94.037901031       -175.056355056        174.186653794         18.999998325       -175.056355056       -175.056355056
   5        -94.052272658       -175.056728666        174.288945203         18.999998335       -175.056728666       -175.056728666
   6        -94.031846176       -175.056740522        174.260563027         18.999998336       -175.056740522       -175.056740522
   7        -94.027460836       -175.056743085        174.252097513         18.999998337       -175.056743085       -175.056743085
   8        -94.033688212       -175.056744854        174.260409376         18.999998339       -175.056744854       -175.056744854
   9        -94.033305740       -175.056744943        174.259657434         18.999998339       -175.056744943       -175.056744943
  10        -94.033332591       -175.056745039        174.259576136         18.999998340       -175.056745039       -175.056745039
  IT          TRACE                ETOT                 EKIN+ENONLOC          CHARGE              EDFT+SIC              LOWEST
   1          0.000000000       -175.056617596        174.300764029         18.999999190       -175.056617596       -175.056617596
   2        -94.037811699       -175.056336232        174.309362670         18.999999196       -175.056336232       -175.056617596
   3        -94.001764737       -175.047270989        174.181299935         18.999999198       -175.047270989       -175.056617596
   4        -94.026634562       -175.056462591        174.269562399         18.999999196       -175.056462591       -175.056617596
   5        -94.032772804       -175.056819929        174.292479694         18.999999196       -175.056819929       -175.056819929
   6        -94.031998839       -175.056820839        174.290043396         18.999999196       -175.056820839       -175.056820839
   7        -94.031588653       -175.056821025        174.289051367         18.999999196       -175.056821025       -175.056821025
  IT          TRACE                ETOT                 EKIN+ENONLOC          CHARGE              EDFT+SIC              LOWEST
   1          0.000000000       -175.056839826        174.271606160         18.999999210       -175.056839826       -175.056839826
   2        -94.029885439       -175.056782200        174.267185219         18.999999208       -175.056782200       -175.056839826
   3        -94.047109131       -174.946413099        174.932810411         18.999999081       -174.946413099       -175.056839826
   4        -93.928125004       -175.023340439        173.992729675         18.999999203       -175.023340439       -175.056839826
   5        -93.965842552       -175.046758253        174.099942993         18.999999203       -175.046758253       -175.056839826
   6        -94.003228221       -175.055931955        174.206694163         18.999999205       -175.055931955       -175.056839826
   7        -94.007422104       -175.055879929        174.213882498         18.999999206       -175.055879929       -175.056839826
   8        -94.018827974       -175.056519705        174.242419849         18.999999206       -175.056519705       -175.056839826
   9        -94.020470359       -175.056603414        174.246713834         18.999999207       -175.056603414       -175.056839826
  10        -94.024156183       -175.056759882        174.256512615         18.999999207       -175.056759882       -175.056839826
  11        -94.025829663       -175.056802575        174.260435846         18.999999207       -175.056802575       -175.056839826
  12        -94.030836690       -175.056872623        174.272111003         18.999999208       -175.056872623       -175.056872623
  13        -94.031993661       -175.056876680        174.274828866         18.999999208       -175.056876680       -175.056876680
  14        -94.032350870       -175.056877032        174.275720328         18.999999208       -175.056877032       -175.056877032
  15        -94.032439481       -175.056877056        174.276035318         18.999999208       -175.056877056       -175.056877056
  IT          TRACE                ETOT                 EKIN+ENONLOC          CHARGE              EDFT+SIC              LOWEST
   1          0.000000000       -175.056877056        174.276035318         18.999999208       -175.056877056       -175.056877056
   2        -94.032458572       -175.056877055        174.276093430         18.999999208       -175.056877055       -175.056877056
   3        -94.032361539       -175.056877011        174.275778285         18.999999208       -175.056877011       -175.056877056
