           5           4  
  0.162456028091D-02  0.104214442590D-02  0.877891067055D+00  1  D2INV=      1.0000 SUGGEST=       1.0000
 -0.127287739225D-01  0.203542370496D-01 -0.875236361322D+00  1  D2INV=      1.0000 SUGGEST=       1.0000
  0.719244004605D-02  0.122858163235D+01  0.143659667041D+01  1  D2INV=      1.0000 SUGGEST=       1.0000
 -0.106913277464D+01 -0.619167791239D+00  0.146544073523D+01  1  D2INV=      1.0000 SUGGEST=       1.0000
  0.105117572628D+01 -0.630651579058D+00  0.145040897640D+01  1  D2INV=      1.0000 SUGGEST=       1.0000
 -0.112555855217D+00 -0.743642514382D-01  0.899219242165D+00  1  D2INV=      1.0000 SUGGEST=       1.0000
 -0.122488235042D+01  0.321588705774D+00  0.160248888670D+01  1  D2INV=      1.0000 SUGGEST=       1.0000
  0.119283178914D+01 -0.312560726898D+00  0.156007202888D+01  1  D2INV=      1.0000 SUGGEST=       1.0000
  0.367913175805D-01  0.292403213693D-02 -0.605678250055D+00  1  D2INV=      1.0000 SUGGEST=       1.0000
