           5           5           4           4
 -0.390790564886D-04  0.464754253684D-05  0.418731900374D-01  1  D2INV=      1.0000 SUGGEST=       1.0000
  0.869856991301D+00  0.150632750057D+01  0.370765977505D+00  1  D2INV=      1.0000 SUGGEST=       1.0000
  0.869854918204D+00 -0.150633368078D+01  0.370763309797D+00  1  D2INV=      1.0000 SUGGEST=       1.0000
 -0.173915684739D+01 -0.272934700205D-05  0.370329062183D+00  1  D2INV=      1.0000 SUGGEST=       1.0000
  0.231183906111D-03  0.196385619327D-05 -0.176033593382D+01  1  D2INV=      1.0000 SUGGEST=       1.0000
  0.200367736626D-04 -0.527350865404D-06  0.223689334483D+00  1  D2INV=      1.0000 SUGGEST=       1.0000
  0.865437110437D+00  0.149901678744D+01  0.747931174355D-04  1  D2INV=      1.0000 SUGGEST=       1.0000
  0.865441331429D+00 -0.149901932368D+01  0.747516018620D-04  1  D2INV=      1.0000 SUGGEST=       1.0000
 -0.173093839768D+01 -0.485561184274D-05  0.745849439068D-04  1  D2INV=      1.0000 SUGGEST=       1.0000
