 ********* NEW TRY ************, SPIN:            1
 REP:            1  DIM:            1  NUMBER OF BASES:          108
           1         108
   -26.36483      -20.52845      -1.549940      -1.257845     -0.8368248    
  -0.7553808     -0.7523615     -0.7521852     -0.6198602     -0.5421983    
  -0.1368394E-01  0.5710964E-01  0.8580524E-01  0.1737309      0.1934693    
   0.1986671      0.2092979      0.2093064      0.2271943      0.2305686    
   0.2775851      0.2944880      0.3762462      0.3941171      0.4440506    
   0.6204356      0.6744589      0.6830749      0.6898346      0.6898370    
   0.6904522      0.7053599      0.7055824      0.7280097      0.8120877    
   0.8547177      0.8580111      0.8815784      0.8927247      0.9603888    
    1.061150       1.062456       1.097192       1.097195       1.105297    
    1.120892       1.584934       1.672406       1.710482       1.824949    
    1.853394       1.947750       1.968212       2.084487       2.098046    
    2.136641       2.143507       2.313598       2.333072       2.345413    
    2.345414       2.386844       2.387089       2.397204       2.431212    
    2.481245       2.532054       2.536936       2.707706       2.947229    
    2.973569       3.001597       3.051960       3.086922       3.259891    
    3.415210       3.726921       3.831588       4.103363       4.170569    
    4.170574       4.430714       4.510394       4.718074       5.661928    
    6.163566       6.238993       6.257850       6.257853       6.318855    
    6.318890       6.416811       6.443223       6.455513       6.551916    
    6.697283       7.483995       7.536472       7.547904       7.755957    
    8.388591       8.568791       9.898828       10.04373       11.34649    
    12.23317       57.11591       59.51779    
 ********* NEW TRY ************, SPIN:            2
 REP:            1  DIM:            1  NUMBER OF BASES:          108
           1         108
   -26.33508      -20.52848      -1.460120      -1.257758     -0.7552047    
  -0.7254721     -0.7254169     -0.6198689     -0.5423625     -0.3344844    
  -0.1368554E-01  0.5710834E-01  0.9248318E-01  0.1737325      0.1934674    
   0.2138917      0.2138971      0.2176427      0.2271891      0.2305656    
   0.2775785      0.2944874      0.3762401      0.3941093      0.4440438    
   0.6204264      0.6830690      0.6931759      0.7076723      0.7076794    
   0.7086608      0.7086659      0.7109021      0.7280017      0.8120917    
   0.8547198      0.8580152      0.8815814      0.8927260      0.9603823    
    1.062449       1.105293       1.112562       1.112564       1.115422    
    1.120891       1.584931       1.672405       1.710469       1.824936    
    1.853385       1.947734       1.991063       2.084473       2.098051    
    2.136628       2.143497       2.313583       2.392818       2.392819    
    2.396857       2.397190       2.399578       2.399587       2.431202    
    2.481237       2.532047       2.536922       2.707702       2.947221    
    2.973561       3.001580       3.051955       3.086915       3.259877    
    3.415207       3.726913       3.831583       4.203069       4.203076    
    4.208600       4.430712       4.548187       4.718083       5.661935    
    6.163573       6.339338       6.339344       6.344153       6.344160    
    6.347416       6.416819       6.443227       6.455524       6.551935    
    6.697303       7.483969       7.536446       7.547878       7.755931    
    8.388570       8.568770       9.898801       10.04371       11.41077    
    12.23318       57.11592       59.55921    
 FERMI LEVEL:    1.1392626837742388E-310  TEMP:    1.0000000000000000E-004
 SUMMARY OF EVALUES AND THEIR OCCUPANCIES:
    1  REP:  1  DEG:  1  SPIN:  1  ENERGY:   -26.3648      OCC:    1.00000    
    2  REP:  1  DEG:  1  SPIN:  2  ENERGY:   -26.3351      OCC:    1.00000    
    3  REP:  1  DEG:  1  SPIN:  2  ENERGY:   -20.5285      OCC:    1.00000    
    4  REP:  1  DEG:  1  SPIN:  1  ENERGY:   -20.5284      OCC:    1.00000    
    5  REP:  1  DEG:  1  SPIN:  1  ENERGY:   -1.54994      OCC:    1.00000    
    6  REP:  1  DEG:  1  SPIN:  2  ENERGY:   -1.46012      OCC:    1.00000    
    7  REP:  1  DEG:  1  SPIN:  1  ENERGY:   -1.25784      OCC:    1.00000    
    8  REP:  1  DEG:  1  SPIN:  2  ENERGY:   -1.25776      OCC:    1.00000    
    9  REP:  1  DEG:  1  SPIN:  1  ENERGY:  -0.836825      OCC:    1.00000    
   10  REP:  1  DEG:  1  SPIN:  1  ENERGY:  -0.755381      OCC:    1.00000    
   11  REP:  1  DEG:  1  SPIN:  2  ENERGY:  -0.755205      OCC:    1.00000    
   12  REP:  1  DEG:  1  SPIN:  1  ENERGY:  -0.752362      OCC:    1.00000    
   13  REP:  1  DEG:  1  SPIN:  1  ENERGY:  -0.752185      OCC:    1.00000    
   14  REP:  1  DEG:  1  SPIN:  2  ENERGY:  -0.725472      OCC:    1.00000    
   15  REP:  1  DEG:  1  SPIN:  2  ENERGY:  -0.725417      OCC:    1.00000    
   16  REP:  1  DEG:  1  SPIN:  2  ENERGY:  -0.619869      OCC:    1.00000    
   17  REP:  1  DEG:  1  SPIN:  1  ENERGY:  -0.619860      OCC:    1.00000    
   18  REP:  1  DEG:  1  SPIN:  2  ENERGY:  -0.542363      OCC:    1.00000    
   19  REP:  1  DEG:  1  SPIN:  1  ENERGY:  -0.542198      OCC:    1.00000    
   20  REP:  1  DEG:  1  SPIN:  2  ENERGY:  -0.334484      OCC:    0.00000    
   21  REP:  1  DEG:  1  SPIN:  2  ENERGY:  -0.136855E-01  OCC:    0.00000    
   22  REP:  1  DEG:  1  SPIN:  1  ENERGY:  -0.136839E-01  OCC:    0.00000    
   23  REP:  1  DEG:  1  SPIN:  2  ENERGY:   0.571083E-01  OCC:    0.00000    
