    10    9
         0.0000010832       -0.0004714124       -0.0000222561   
         1.0169038625        0.8024376482       -0.0001957775   
        -1.0168975181        0.8024424800       -0.0001961659   
        -0.0000069390       -0.6609137245        1.1674327212   
        -0.0000068502       -0.6554503812       -1.1639829706   
         0.0000000000       20.0000087182       -0.0000922779   
         1.1531620997       20.6025823375        0.0028044428   
        -1.1531621020       20.6025823430        0.0028044428   
         0.0000000000       19.3912762024        1.1492154773   
         0.0000000000       19.3999838342       -1.1543691080   
         0.0000006363        0.0041290793       -0.0002147274   
         0.8284596048        0.8930943432       -0.0087548850   
        -0.8284540596        0.8930940775       -0.0087532323   
        -0.0000065142       -0.7714238424        1.1379971581   
        -0.0000079122       -0.7568966455       -1.0978446187   
        -0.0000000297       20.1182258320       -0.0004106126   
         1.2274100538       20.5315286936       -0.6610278040   
        -1.2274100673       20.5315286725       -0.6610278100   
        -0.0000000011       19.8450578499        1.1318973373   
  
  
