          10           9
         0.0000010832       -0.0004714124       -0.0000222561    1   1
         0.0000000088       -0.0000021217       -0.0000003833
         1.0169038625        0.8024376482       -0.0001957775    1   2
         0.0000557764        0.0000106353        0.0000019589
        -1.0168975181        0.8024424800       -0.0001961659    1   3
        -0.0000557746        0.0000106399        0.0000019579
        -0.0000069390       -0.6609137245        1.1674327212    1   4
         0.0000000015       -0.0000250410       -0.0000070428
        -0.0000068502       -0.6554503812       -1.1639829706    1   5
         0.0000000024       -0.0000133700        0.0000055265
         0.0000000000       20.0000087182       -0.0000922779    1   6
         0.0000000000       -0.0000590062        0.0000079423
         1.1531620997       20.6025823375        0.0028044428    1   7
         0.0000657211       -0.0000161814       -0.0000125554
        -1.1531621020       20.6025823430        0.0028044428    1   8
        -0.0000657211       -0.0000161814       -0.0000125554
         0.0000000000       19.3912762024        1.1492154773    1   9
         0.0000000000       -0.0000274622        0.0000664642
         0.0000000000       19.3999838342       -1.1543691080    1  10
         0.0000000000       -0.0000822131       -0.0000326277

         0.0000006363        0.0041290793       -0.0002147274    1   1
        -0.0000000006       -0.0000062408        0.0000016141
         0.8284596048        0.8930943432       -0.0087548850    1   2
        -0.0000179701       -0.0000366061       -0.0000323791
        -0.8284540596        0.8930940775       -0.0087532323    1   3
         0.0000179657       -0.0000366225       -0.0000323682
        -0.0000065142       -0.7714238424        1.1379971581    1   4
         0.0000000101        0.0000803566        0.0000732070
        -0.0000079122       -0.7568966455       -1.0978446187    1   5
         0.0000000026        0.0000146805        0.0000190982
        -0.0000000297       20.1182258320       -0.0004106126    1   6
        -0.0000000299       -0.0000335448       -0.0002260773
         1.2274100538       20.5315286936       -0.6610278040    1   7
         0.0000021340        0.0000013755        0.0000152641
        -1.2274100673       20.5315286725       -0.6610278100    1   8
        -0.0000021343        0.0000013756        0.0000152646
        -0.0000000011       19.8450578499        1.1318973373    1   9
        -0.0000000007        0.0000029075        0.0000047058

