  -20.308845983170503      -0.83580696039845359      -0.83580847326130114       -1.1733033973070188       -1.1730295591737807       -3.4914630049188950E-010  -1.1900029843239370E-008  -1.1900410241734072E-008   1.0126435078302017E-008   9.7576637490029760E-009
 -0.84869550978491393      -0.94625154542418843      -0.19087040407940681      -0.19935072947862761      -0.19944458017924568        1.7392487524755919E-010  -8.9644177324108263E-010  -7.4266066251338585E-010   2.6394197596460512E-010   2.5096722492683816E-010
 -0.84869736240216875      -0.19087040105663941      -0.94625085071851045      -0.19935110248651366      -0.19944491480678908        1.7382794474526862E-010  -7.4261069626646075E-010  -8.9646380402404746E-010   2.6434662007017688E-010   2.5048314957263012E-010
  -1.1857903643736198      -0.19912681844001054      -0.19912720162680780      -0.75121413680546745      -0.20899771815256873        1.4290484865635475E-008   3.7840401660911274E-010   3.7838469835998456E-010   2.1574465931572931E-009   2.0938776071244085E-009
  -1.1855153734442521      -0.19922525696259136      -0.19922559924012462      -0.20898797846872888      -0.75116938838874348        1.3558505362664183E-008   2.1709423141086194E-010   2.1707497279120829E-010   2.0116286326715319E-009   1.9658035445919637E-009
  -7.2881071596797179E-010   1.1637035273535289E-010   1.1628054840725805E-010   1.2941312391457086E-008   1.2240672213116816E-008  -26.042887956737196       -1.4014526327876584       -1.4014526355940284       -1.3988126468627462       -1.3984224737084616     
  -1.2974708380576145E-008  -1.1857444305151302E-009  -1.1624881869350632E-009  -7.7047358641617919E-010  -8.6147700101767543E-010  -1.4094871433146960       -1.0537359278298830      -0.30138042452532365      -0.25851959860690621      -0.25906700007066263     
  -1.2975114880263054E-008  -1.1625151821291218E-009  -1.1858346773200492E-009  -7.7053395844584538E-010  -8.6153847880489065E-010  -1.4094871461548044      -0.30138042452965930       -1.0537359304368497      -0.25851959832532967      -0.25906699985462495     
   1.1053173920716967E-008   8.2214912663396122E-010   8.2156740845292123E-010   2.7386730696056324E-009   2.6550401345324571E-009  -1.4067801737787102      -0.25847803914650463      -0.25847803884801268       -1.0536477518455891      -0.30066639025580416     
   1.0652972683356453E-008   7.4352517792872636E-010   7.4413523533916044E-010   2.6955882505770197E-009   2.5959956621932295E-009  -1.4063859895391198      -0.25899990325958627      -0.25899990303306902      -0.30071380607457776       -1.0521114754033678     
  -20.309642941185103      -0.82874911603045875      -0.82874872980113934       -1.1740322564934349       -1.1766455187566793       -3.1562009362171449E-010  -1.6741963235345496E-009  -1.6747998958380521E-009  -5.2266389678325128E-010
 -0.84117282472000199      -0.94498417112888478      -0.18977904052193931      -0.19947789345270009      -0.19886480063435463        7.1976860336913287E-009   6.9398789864849429E-011   2.5708998171581868E-010   2.7074162211942912E-010
 -0.84117258363090008      -0.18977902801308391      -0.94498338671038673      -0.19947791587625752      -0.19886509050401724        7.1964324440718853E-009   2.5216690569423132E-010   6.4365637461794542E-011   2.7956071942216628E-010
  -1.1865754700797311      -0.19942198674099948      -0.19942198611926309      -0.75181641281018674      -0.20962569393099550        9.1258351634648556E-009   7.2660997607267627E-010   7.2656621944630041E-010   7.4960755672752093E-010
  -1.1892099327347099      -0.19872884535965885      -0.19872913620227406      -0.20971052513830415      -0.75225310123236100        9.5164119614804550E-009   7.9722634051065228E-010   7.9718105870321075E-010   7.9674555876104705E-010
  -7.2782025933277337E-010   6.5004066225733553E-009   6.4991624111923845E-009   8.1678525939744608E-009   8.5343406466252560E-009  -26.083462827701620       -1.4358599881198688       -1.4358594276025596       -1.4394957209356889     
  -1.8462415873072966E-009   1.8521215771173887E-010   1.8178768945861215E-010   5.4345588464817162E-010   5.7621147789835957E-010  -1.4357909774000386       -1.0540642017798363      -0.32865529717875863      -0.32883917408334024     
  -1.8468840516289568E-009   1.7423761798436470E-010   1.9253212268822950E-010   5.4335144662273957E-010   5.7610777561850042E-010  -1.4357903804028060      -0.32865529674765426       -1.0540641276793852      -0.32883913826810690     
  -5.9272971203502626E-010   2.8353439341664493E-010   2.6814183024544041E-010   6.7913675354901872E-010   7.3242533403617424E-010  -1.4396775917077238      -0.32879871275995437      -0.32879867738262575       -1.0544745745778190     
