 FLO    Charge     Asymp      E_COUL     E_SIC      EXlocal    EClocal    EXnonl     ECnonl      XC/H
  1.   1.000000   1.000010  -2.422432  -0.293933  -2.082155  -0.046344   0.000000   0.000000   0.878662
  2.   1.000000   1.012294  -0.421646  -0.024534  -0.371500  -0.025612   0.000000   0.000000   0.941813
  3.   1.000000   1.025997  -0.421646  -0.024534  -0.371500  -0.025612   0.000000   0.000000   0.941813
  4.   1.000000   0.987783  -0.435703  -0.023591  -0.386351  -0.025761   0.000000   0.000000   0.945856
  5.   1.000000   0.995838  -0.435696  -0.023586  -0.386350  -0.025761   0.000000   0.000000   0.945867
  6.   1.000000   2.160003  -2.747254  -0.338181  -2.361020  -0.048053   0.000000   0.000000   0.876902
  7.   1.000000   2.150843  -0.534357  -0.032537  -0.473773  -0.028047   0.000000   0.000000   0.939110
  8.   1.000000   2.225781  -0.534357  -0.032537  -0.473773  -0.028047   0.000000   0.000000   0.939110
  9.   1.000000   2.098653  -0.534326  -0.032499  -0.473780  -0.028047   0.000000   0.000000   0.939178
 10.   1.000000   2.164690  -0.534107  -0.032466  -0.473599  -0.028042   0.000000   0.000000   0.939214
  1.   1.000000   1.000010  -2.422408  -0.293948  -2.082116  -0.046344   0.000000   0.000000   0.878655
  2.   1.000000   1.012321  -0.421480  -0.024483  -0.371388  -0.025608   0.000000   0.000000   0.941912
  3.   1.000000   1.026021  -0.421480  -0.024483  -0.371388  -0.025608   0.000000   0.000000   0.941912
  4.   1.000000   0.987851  -0.435826  -0.023625  -0.386438  -0.025763   0.000000   0.000000   0.945793
  5.   1.000000   0.995734  -0.435867  -0.023652  -0.386452  -0.025764   0.000000   0.000000   0.945736
  6.   1.000000   2.160003  -2.744713  -0.338922  -2.357734  -0.048057   0.000000   0.000000   0.876518
  7.   1.000000   2.140408  -0.533383  -0.036278  -0.469155  -0.027951   0.000000   0.000000   0.931985
  8.   1.000000   2.226463  -0.533383  -0.036278  -0.469155  -0.027951   0.000000   0.000000   0.931985
  9.   1.000000   2.112550  -0.533409  -0.036279  -0.469179  -0.027951   0.000000   0.000000   0.931987
