     -2.01783    -0.01681    -0.01681    -0.02051    -0.02051    -0.00000    -0.00000    -0.00000     0.00000     0.00000
     -0.00392    -0.31883    -0.01373    -0.01473    -0.01474    -0.00000    -0.00000    -0.00000     0.00000     0.00000
     -0.00392    -0.01373    -0.31883    -0.01473    -0.01474    -0.00000    -0.00000    -0.00000     0.00000     0.00000
     -0.00802    -0.01496    -0.01496    -0.32699    -0.01458    -0.00000    -0.00000    -0.00000     0.00000     0.00000
     -0.00802    -0.01496    -0.01496    -0.01459    -0.32698    -0.00000    -0.00000    -0.00000     0.00000     0.00000
      0.00000     0.00000     0.00000     0.00000     0.00000    -2.29389    -0.01991    -0.01991    -0.01984    -0.01983
      0.00000     0.00000     0.00000     0.00000     0.00000    -0.01187    -0.40530    -0.02083    -0.01935    -0.01934
      0.00000     0.00000     0.00000     0.00000     0.00000    -0.01187    -0.02083    -0.40530    -0.01935    -0.01934
     -0.00000    -0.00000    -0.00000    -0.00000    -0.00000    -0.01187    -0.01939    -0.01939    -0.40523    -0.02085
     -0.00000    -0.00000    -0.00000    -0.00000    -0.00000    -0.01186    -0.01941    -0.01941    -0.02081    -0.40504
     -2.01783    -0.01640    -0.01640    -0.02058    -0.02060    -0.00000    -0.00000    -0.00000    -0.00000
     -0.00397    -0.31865    -0.01373    -0.01484    -0.01477    -0.00000     0.00000    -0.00000     0.00000
     -0.00397    -0.01373    -0.31865    -0.01484    -0.01477    -0.00000    -0.00000     0.00000     0.00000
     -0.00803    -0.01489    -0.01489    -0.32712    -0.01462    -0.00000    -0.00000    -0.00000    -0.00000
     -0.00804    -0.01491    -0.01491    -0.01454    -0.32719    -0.00000    -0.00000    -0.00000    -0.00000
      0.00000     0.00000     0.00000     0.00000     0.00000    -2.29319    -0.01382    -0.01382    -0.01402
      0.00000    -0.00000     0.00000     0.00000     0.00000    -0.01388    -0.40961    -0.01703    -0.01699
      0.00000     0.00000    -0.00000     0.00000     0.00000    -0.01388    -0.01703    -0.40961    -0.01699
      0.00000     0.00000    -0.00000     0.00000     0.00000    -0.01384    -0.01703    -0.01703    -0.40963
