  IT          TRACE                ETOT                 EKIN+ENONLOC          CHARGE              EDFT+SIC              LOWEST
   1          0.000000000       -175.028646347        174.194736782         18.999999752       -176.567052481       -176.567052481
   2       -106.806925966       -174.604065921        176.784823657         18.976310706       -176.253001380       -176.567052481
   3       -106.296643184       -174.633085510        175.963353346         18.958128743       -176.273208483       -176.567052481
   4       -106.407519674       -174.629770746        175.930799253         18.955081942       -176.268624234       -176.567052481
   5       -112.483513497       -173.511798718        182.951842301         18.976794408       -175.220088851       -176.567052481
   6       -107.382289069       -174.479595867        178.644567268         18.962159692       -176.149182315       -176.567052481
   7       -107.180099954       -174.595240875        177.512960046         18.959113054       -176.252781364       -176.567052481
   8       -107.396927737       -174.595469487        177.529602096         18.959815863       -176.252785400       -176.567052481
   9       -107.381505261       -174.594607786        177.538379958         18.959495377       -176.251559759       -176.567052481
  10       -107.516526619       -174.581384296        177.711290476         18.959987962       -176.240030941       -176.567052481
  11       -107.508535633       -174.579062944        177.734550478         18.959977091       -176.238053535       -176.567052481
  12       -107.196784626       -174.605137624        177.378238800         18.958562566       -176.260051659       -176.567052481
  13       -107.129718398       -174.615023343        177.213061239         18.958313738       -176.268039697       -176.567052481
  14       -107.095069696       -174.619519048        177.124336718         18.958354562       -176.271627395       -176.567052481
  15       -107.072932073       -174.621760785        177.071094405         18.958427488       -176.273375827       -176.567052481
  16       -107.090867077       -174.620895448        177.065347202         18.958959001       -176.272824573       -176.567052481
  17       -107.128139655       -174.618142854        177.107118203         18.959482780       -176.270752261       -176.567052481
  18       -107.130708471       -174.617296316        177.120289185         18.959583470       -176.270110619       -176.567052481
  19       -107.150836737       -174.615821560        177.145286936         18.959601869       -176.268940339       -176.567052481
  20       -107.168374579       -174.614401642        177.172820271         18.959610401       -176.267811360       -176.567052481
  21       -107.092162759       -174.618494598        177.081848438         18.959546683       -176.271083561       -176.567052481
  22       -106.933098754       -174.626995299        176.861049875         18.959396793       -176.277437678       -176.567052481
  23       -106.819740376       -174.632368202        176.666509916         18.959292880       -176.280825650       -176.567052481
  24       -106.770854677       -174.634472306        176.557207744         18.959259686       -176.281775734       -176.567052481
  25       -106.756541244       -174.635162055        176.511534651         18.959245743       -176.281962935       -176.567052481
  26       -106.754686904       -174.635365290        176.497296476         18.959228474       -176.281996127       -176.567052481
  27       -106.757450479       -174.635401430        176.496589249         18.959183674       -176.282002425       -176.567052481
  28       -106.755951660       -174.635453544        176.495226878         18.959126348       -176.282008448       -176.567052481
  29       -106.746936037       -174.635587150        176.483533160         18.959103463       -176.282016276       -176.567052481
  30       -106.743837188       -174.635662565        176.476909953         18.959094567       -176.282016651       -176.567052481
  31       -106.744072985       -174.635680363        176.475630597         18.959092870       -176.282016398       -176.567052481
  32          0.000000000       -174.635680363        176.475630597         18.959092870       -176.284786170       -176.567052481
  33          0.000000000       -174.635680363        176.475630597         18.959092870       -176.285068821       -176.567052481
  34          0.000000000       -174.635680363        176.475630597         18.959092870       -176.285544860       -176.567052481
  35          0.000000000       -174.635680363        176.475630597         18.959092870       -176.287896839       -176.567052481
  36          0.000000000       -174.635680363        176.475630597         18.959092870       -176.291133552       -176.567052481
  37          0.000000000       -174.635680363        176.475630597         18.959092870       -176.169400328       -176.567052481
  38          0.000000000       -174.635680363        176.475630597         18.959092870       -176.295372334       -176.567052481
  39          0.000000000       -174.635680363        176.475630597         18.959092870       -176.296937262       -176.567052481
  40          0.000000000       -174.635680363        176.475630597         18.959092870       -176.299157704       -176.567052481
  41          0.000000000       -174.635680363        176.475630597         18.959092870       -176.299286651       -176.567052481
  42          0.000000000       -174.635680363        176.475630597         18.959092870       -176.299312188       -176.567052481
  43          0.000000000       -174.635680363        176.475630597         18.959092870       -176.299344195       -176.567052481
  44          0.000000000       -174.635680363        176.475630597         18.959092870       -176.299367245       -176.567052481
  45          0.000000000       -174.635680363        176.475630597         18.959092870       -176.299360528       -176.567052481
  46          0.000000000       -174.635680363        176.475630597         18.959092870       -176.299373328       -176.567052481
  47          0.000000000       -174.635680363        176.475630597         18.959092870       -176.299379970       -176.567052481
  48       -106.790827792       -174.635657852        176.496558375         18.957692167       -176.300152194       -176.567052481
  49       -106.793411427       -174.635502310        176.503046736         18.957522432       -176.300196374       -176.567052481
  50       -106.791341062       -174.635488243        176.501659859         18.957504158       -176.300203163       -176.567052481
  51       -106.784008319       -174.635574157        176.491784970         18.957502629       -176.300208156       -176.567052481
  52       -106.771424925       -174.635737794        176.472379163         18.957516193       -176.300206743       -176.567052481
  53       -106.783302885       -174.635641633        176.484971316         18.957518690       -176.300209579       -176.567052481
  54       -106.784884798       -174.635598274        176.488937271         18.957521880       -176.300209579       -176.567052481
  55       -106.784348172       -174.635594830        176.489002508         18.957521005       -176.300209655       -176.567052481
  56          0.000000000       -174.635594830        176.489002508         18.957521005       -176.297566607       -176.567052481
  57          0.000000000       -174.635594830        176.489002508         18.957521005       -176.300210397       -176.567052481
  IT          TRACE                ETOT                 EKIN+ENONLOC          CHARGE              EDFT+SIC              LOWEST
   1          0.000000000       -174.760054879        176.550845779         18.999999752       -176.446441192       -176.446441192
   2       -106.783939547       -174.985366594        176.063335107         18.999999753       -176.679093815       -176.679093815
   3       -106.976227147       -174.994120601        176.240940989         18.999999753       -176.689402701       -176.689402701
   4       -106.969615531       -174.994823857        176.257361939         18.999999753       -176.690278843       -176.690278843
   5       -106.921529209       -174.995758174        176.202257861         18.999999753       -176.690644694       -176.690644694
   6       -106.910017441       -174.996120058        176.180043573         18.999999753       -176.690724038       -176.690724038
   7       -107.015146900       -174.994677249        176.304137008         18.999999753       -176.690478166       -176.690724038
   8       -106.918392014       -174.995838284        176.206142095         18.999999753       -176.690744914       -176.690744914
   9       -106.904145741       -174.996243177        176.174135392         18.999999753       -176.690762001       -176.690762001
  10       -106.906743321   -3196098.592856320        176.171821622        388.668283524   -3196100.287314347   -3196100.287314347
  IT          TRACE                ETOT                 EKIN+ENONLOC          CHARGE              EDFT+SIC              LOWEST
   1          0.000000000       -174.760054879        176.550845779         18.999999752       -176.446441192       -176.446441192
   2       -106.783939547       -174.985366594        176.063335108         18.999999753       -176.679093815       -176.679093815
   3       -106.976227146   -2188876.293598026        176.240940989        375.160279102   -2188877.988880126   -2188877.988880126
  IT          TRACE                ETOT                 EKIN+ENONLOC          CHARGE              EDFT+SIC              LOWEST
   1          0.000000000       -174.996299915        176.171821622         18.999999753       -176.690757943       -176.690757943
   2       -106.907293403       -174.996307758        176.171547714         18.999999753       -176.690756773       -176.690757943
  IT          TRACE                ETOT                 EKIN+ENONLOC          CHARGE              EDFT+SIC              LOWEST
   1          0.000000000       -174.996299915        176.171821622         18.999999753       -176.690757943       -176.690757943
  IT          TRACE                ETOT                 EKIN+ENONLOC          CHARGE              EDFT+SIC              LOWEST
   1          0.000000000       -174.996299915        176.171821622         18.999999753       -176.690757943       -176.690757943
   2       -106.907293403       -174.996307758        176.171547714         18.999999753       -176.690756773       -176.690757943
   3       -106.907646743       -174.996305746        176.171857292         18.999999753       -176.690756732       -176.690757943
   4       -106.907626084       -174.996305477        176.171878133         18.999999753       -176.690757033       -176.690757943
   5          0.000000000       -174.996305477        176.171878133         18.999999753       -176.690434502       -176.690757943
   6          0.000000000       -174.996305477        176.171878133         18.999999753       -176.691148112       -176.691148112
   7          0.000000000       -174.996305477        176.171878133         18.999999753       -176.691362637       -176.691362637
   8          0.000000000       -174.996305477        176.171878133         18.999999753       -176.656743990       -176.691362637
   9          0.000000000       -174.996305477        176.171878133         18.999999753       -176.691879869       -176.691879869
  10          0.000000000       -174.996305477        176.171878133         18.999999753       -176.691461042       -176.691879869
  11          0.000000000       -174.996305477        176.171878133         18.999999753       -176.692171220       -176.692171220
  12          0.000000000       -174.996305477        176.171878133         18.999999753       -176.692520792       -176.692520792
  13          0.000000000       -174.996305477        176.171878133         18.999999753       -176.692611301       -176.692611301
  14          0.000000000       -174.996305477        176.171878133         18.999999753       -176.692665477       -176.692665477
  15          0.000000000       -174.996305477        176.171878133         18.999999753       -176.692769451       -176.692769451
  16          0.000000000       -174.996305477        176.171878133         18.999999753       -176.692774335       -176.692774335
  17          0.000000000       -174.996305477        176.171878133         18.999999753       -176.692795321       -176.692795321
  18          0.000000000       -174.996305477        176.171878133         18.999999753       -176.692798492       -176.692798492
  19          0.000000000       -174.996305477        176.171878133         18.999999753       -176.692801943       -176.692801943
  20          0.000000000       -174.996305477        176.171878133         18.999999753       -176.692806512       -176.692806512
  21          0.000000000       -174.996305477        176.171878133         18.999999753       -176.692807923       -176.692807923
  22          0.000000000       -174.996305477        176.171878133         18.999999753       -176.692808520       -176.692808520
  23       -106.909216406       -174.996508066        176.146033461         18.999999753       -176.692846886       -176.692846886
  24       -106.908137541       -174.996543364        176.142250106         18.999999753       -176.692848263       -176.692848263
  25       -106.907930032       -174.996552244        176.141501763         18.999999753       -176.692848341       -176.692848341
  26       -106.907874848       -174.996554809        176.141321653         18.999999753       -176.692848355       -176.692848355
  IT          TRACE                ETOT                 EKIN+ENONLOC          CHARGE              EDFT+SIC              LOWEST
   1          0.000000000       -174.996554809        176.141321653         18.999999753       -176.692848355       -176.692848355
   2       -106.918920980       -174.996422365        176.155653243         18.999999753       -176.692848358       -176.692848358
   3       -106.909638318       -174.996504761        176.146490424         18.999999753       -176.692848904       -176.692848904
