           5           0
        -0.0000016358        0.0007060362        0.2227714769    1   1
        -0.0000000986       -0.0000534720        0.0000515608
         0.0000254293        0.9936495229       -0.5847527229    1   2
         0.0000002812        0.0000185335       -0.0000246101
         0.0000309140       -0.9848977917       -0.5630599200    1   3
         0.0000002501       -0.0000421057        0.0000190323
         1.1710111106       -0.0080913951        0.8813750568    1   4
         0.0000003662        0.0000003356        0.0000108813
        -1.1710582956       -0.0080768617        0.8813481046    1   5
        -0.0000004490        0.0000003598        0.0000106228


