 ********* NEW TRY ************, SPIN:            1
 REP:            1  DIM:            1  NUMBER OF BASES:          165
           1         165
   -20.59390      -11.22265      -1.264447     -0.9177104     -0.7133970    
  -0.6507468     -0.5999711     -0.5983921     -0.5344103     -0.4744013    
  -0.9471509E-02  0.2959911E-01  0.7042272E-01  0.7403994E-01  0.1135852    
   0.1163426      0.1221628      0.1481179      0.1968721      0.2048938    
   0.2344647      0.2589863      0.2659533      0.2781653      0.2895917    
   0.3006165      0.3182486      0.3267616      0.3881795      0.4196048    
   0.4344997      0.5069066      0.5498354      0.5671612      0.5755112    
   0.5777783      0.5881691      0.6328320      0.6861871      0.6957600    
   0.7066056      0.7420044      0.7560806      0.7946983      0.8046545    
   0.8081090      0.8395980      0.8614867      0.8756417      0.8905109    
   0.9084310      0.9216053      0.9632453      0.9733809       1.006158    
    1.067052       1.162497       1.231291       1.265653       1.324656    
    1.340511       1.448501       1.457161       1.523377       1.629104    
    1.658236       1.685424       1.739146       1.749559       1.789516    
    1.791038       1.800677       1.830722       1.870949       1.888510    
    1.941040       1.990120       2.073555       2.094952       2.128178    
    2.163684       2.207159       2.221445       2.228076       2.249015    
    2.258794       2.287238       2.328659       2.356676       2.367683    
    2.382506       2.402722       2.439555       2.450761       2.480614    
    2.553181       2.570307       2.687049       2.783402       2.925360    
    2.946567       2.959058       2.993451       3.010593       3.011835    
    3.019894       3.065268       3.119315       3.136634       3.161597    
    3.217682       3.262215       3.341812       3.451626       3.462824    
    3.487665       3.605713       3.615242       3.770758       3.790746    
    3.960782       4.000900       4.039353       4.092282       4.469287    
    4.780151       4.963273       4.990245       5.157724       5.368483    
    5.436690       5.458776       5.750501       5.777295       5.869600    
    6.402497       6.405843       6.454246       6.474534       6.621623    
    6.710757       7.486611       7.526520       7.570517       7.629035    
    7.670684       7.768592       7.798836       7.872975       8.108233    
    8.114653       8.466107       8.781054       8.879244       8.886235    
    8.966729       9.902674       9.954811       9.993935       10.15218    
    10.51047       11.08264       12.25521       50.59574       57.16775    
 ********* NEW TRY ************, SPIN:            2
 REP:            1  DIM:            1  NUMBER OF BASES:          165
           1         165
   -20.57565      -11.21460      -1.208244     -0.8916777     -0.6789341    
  -0.5991110     -0.5973923     -0.5429123     -0.5320803     -0.1791336    
  -0.5616555E-02  0.3479372E-01  0.7339838E-01  0.7678964E-01  0.1166012    
   0.1216142      0.1231665      0.1511329      0.2079667      0.2100139    
   0.2394998      0.2652323      0.2700750      0.2828292      0.2942618    
   0.3047309      0.3227562      0.3320299      0.3927200      0.4209791    
   0.4361821      0.5121181      0.5501194      0.5674896      0.5773509    
   0.5799893      0.6008200      0.6373033      0.6902909      0.7029245    
   0.7121488      0.7466539      0.7613501      0.7987777      0.8090314    
   0.8243805      0.8467764      0.8651201      0.8857557      0.8978173    
   0.9144345      0.9265123      0.9668035      0.9846312       1.013198    
    1.076003       1.167897       1.237746       1.268716       1.329167    
    1.357890       1.452273       1.461131       1.532981       1.636584    
    1.663071       1.692195       1.746681       1.760141       1.789212    
    1.793706       1.814429       1.840647       1.873060       1.891272    
    1.949701       2.011041       2.087180       2.104106       2.145573    
    2.167267       2.211801       2.225195       2.231980       2.252306    
    2.268829       2.291912       2.337836       2.362254       2.373695    
    2.386373       2.410064       2.449348       2.455838       2.485000    
    2.567791       2.575956       2.691573       2.791282       2.926208    
    2.957595       2.964445       2.996102       3.012963       3.018345    
    3.022803       3.069825       3.126536       3.145528       3.168677    
    3.229084       3.274828       3.348885       3.454713       3.469505    
    3.493114       3.610242       3.619043       3.779396       3.815424    
    3.977343       4.010628       4.048399       4.111785       4.481135    
    4.812221       4.980063       5.008091       5.183860       5.408920    
    5.466370       5.477028       5.767717       5.793229       5.891220    
    6.414097       6.429532       6.504702       6.516284       6.688374    
    6.790372       7.484869       7.525537       7.563734       7.618254    
    7.671214       7.752651       7.784443       7.872421       8.102742    
    8.109009       8.468418       8.772921       8.879464       8.886683    
    8.967804       9.903296       9.955249       9.994653       10.15405    
    10.48432       11.09690       12.29725       50.60816       57.19209    
 FERMI LEVEL:    2.1400710442799935E-314  TEMP:    1.0000000000000000E-004
 SUMMARY OF EVALUES AND THEIR OCCUPANCIES:
    1  REP:  1  DEG:  1  SPIN:  1  ENERGY:   -20.5939      OCC:    1.00000    
    2  REP:  1  DEG:  1  SPIN:  2  ENERGY:   -20.5756      OCC:    1.00000    
    3  REP:  1  DEG:  1  SPIN:  1  ENERGY:   -11.2227      OCC:    1.00000    
    4  REP:  1  DEG:  1  SPIN:  2  ENERGY:   -11.2146      OCC:    1.00000    
    5  REP:  1  DEG:  1  SPIN:  1  ENERGY:   -1.26445      OCC:    1.00000    
    6  REP:  1  DEG:  1  SPIN:  2  ENERGY:   -1.20824      OCC:    1.00000    
    7  REP:  1  DEG:  1  SPIN:  1  ENERGY:  -0.917710      OCC:    1.00000    
    8  REP:  1  DEG:  1  SPIN:  2  ENERGY:  -0.891678      OCC:    1.00000    
    9  REP:  1  DEG:  1  SPIN:  1  ENERGY:  -0.713397      OCC:    1.00000    
   10  REP:  1  DEG:  1  SPIN:  2  ENERGY:  -0.678934      OCC:    1.00000    
   11  REP:  1  DEG:  1  SPIN:  1  ENERGY:  -0.650747      OCC:    1.00000    
   12  REP:  1  DEG:  1  SPIN:  1  ENERGY:  -0.599971      OCC:    1.00000    
   13  REP:  1  DEG:  1  SPIN:  2  ENERGY:  -0.599111      OCC:    1.00000    
   14  REP:  1  DEG:  1  SPIN:  1  ENERGY:  -0.598392      OCC:    1.00000    
   15  REP:  1  DEG:  1  SPIN:  2  ENERGY:  -0.597392      OCC:    1.00000    
   16  REP:  1  DEG:  1  SPIN:  2  ENERGY:  -0.542912      OCC:    1.00000    
   17  REP:  1  DEG:  1  SPIN:  1  ENERGY:  -0.534410      OCC:    1.00000    
   18  REP:  1  DEG:  1  SPIN:  2  ENERGY:  -0.532080      OCC:    1.00000    
   19  REP:  1  DEG:  1  SPIN:  1  ENERGY:  -0.474401      OCC:    1.00000    
   20  REP:  1  DEG:  1  SPIN:  2  ENERGY:  -0.179134      OCC:    0.00000    
   21  REP:  1  DEG:  1  SPIN:  1  ENERGY:  -0.947151E-02  OCC:    0.00000    
   22  REP:  1  DEG:  1  SPIN:  2  ENERGY:  -0.561656E-02  OCC:    0.00000    
   23  REP:  1  DEG:  1  SPIN:  1  ENERGY:   0.295991E-01  OCC:    0.00000    
