          10          9 
  0.181975526387D-01  0.346949369536D-03 -0.941381984644D-04  1  D2INV=      1.0000 SUGGEST=       1.0000
 -0.594062603693D+00 -0.392453401296D+00  0.153756405934D+01  1  D2INV=      1.0000 SUGGEST=       1.0000
 -0.395689569168D+00  0.157734770634D+01 -0.451456210253D+00  1  D2INV=      1.0000 SUGGEST=       1.0000
 -0.664173175274D+00 -0.107961426878D+01 -0.110980604639D+01  1  D2INV=      1.0000 SUGGEST=       1.0000
  0.148581529618D+01 -0.108560739829D+00  0.114661898702D-01  1  D2INV=      1.0000 SUGGEST=       1.0000
  0.472924567953D+01 -0.209494100947D+00 -0.104832660784D-02  1  D2INV=      1.0000 SUGGEST=       1.0000
  0.531339567098D+01 -0.737465289266D+00  0.107697734937D+01  1  D2INV=      1.0000 SUGGEST=       1.0000
  0.484585339154D+01  0.110334862235D+01 -0.253694188587D-01  1  D2INV=      1.0000 SUGGEST=       1.0000
  0.532504503794D+01 -0.692713404997D+00 -0.107862244835D+01  1  D2INV=      1.0000 SUGGEST=       1.0000
  0.357644176303D+01 -0.311268271110D+00  0.240148816736D-01  1  D2INV=      1.0000 SUGGEST=       1.0000
 -0.401230550281D-01  0.467452954505D-03  0.235502371185D-02  1  D2INV=      1.0000 SUGGEST=       1.0000
 -0.382479139708D+00 -0.477392382906D+00  0.173103862527D+01  1  D2INV=      1.0000 SUGGEST=       1.0000
 -0.165027143969D+00  0.167276383355D+01 -0.531388260008D+00  1  D2INV=      1.0000 SUGGEST=       1.0000
 -0.472312637970D+00 -0.115319464573D+01 -0.121687771838D+01  1  D2INV=      1.0000 SUGGEST=       1.0000
  0.239693931185D+01  0.786829784915D-01 -0.992294192129D-02  1  D2INV=      1.0000 SUGGEST=       1.0000
  0.477946084122D+01 -0.217326416780D+00 -0.563537776508D-03  1  D2INV=      1.0000 SUGGEST=       1.0000
  0.478554634192D+01 -0.772250420266D+00  0.123495171765D+01  1  D2INV=      1.0000 SUGGEST=       1.0000
  0.495190939571D+01  0.104968729574D+01 -0.386031038649D-03  1  D2INV=      1.0000 SUGGEST=       1.0000
  0.477033579520D+01 -0.772661318821D+00 -0.123448952456D+01  1  D2INV=      1.0000 SUGGEST=       1.0000
