    10    9       10    9
         0.0181975526        0.0003469494       -0.0000941382    1   1
        -0.5940626037       -0.3924534013        1.5375640593    1   2
        -0.3956895692        1.5773477063       -0.4514562103    1   3
        -0.6641731753       -1.0796142688       -1.1098060464    1   4
         1.4858152962       -0.1085607398        0.0114661899    1   5
         4.7292456795       -0.2094941009       -0.0010483266    1   6
         5.3133956710       -0.7374652893        1.0769773494    1   7
         4.8458533915        1.1033486223       -0.0253694189    1   8
         5.3250450379       -0.6927134050       -1.0786224483    1   9
         3.5764417630       -0.3112682711        0.0240148817    1  10
  
  
        -0.0401230550        0.0004674530        0.0023550237    1   1
        -0.3824791397       -0.4773923829        1.7310386253    1   2
        -0.1650271440        1.6727638335       -0.5313882600    1   3
        -0.4723126380       -1.1531946457       -1.2168777184    1   4
         2.3969393119        0.0786829785       -0.0099229419    1   5
         4.7794608412       -0.2173264168       -0.0005635378    1   6
         4.7855463419       -0.7722504203        1.2349517177    1   7
         4.9519093957        1.0496872957       -0.0003860310    1   8
         4.7703357952       -0.7726613188       -1.2344895246    1   9
  
  
