          10           9
         0.0181975526        0.0003469494       -0.0000941382    1   1
        -0.0000081210        0.0000010841       -0.0000009129
        -0.5940626037       -0.3924534013        1.5375640593    1   2
        -0.0000188534        0.0000011463        0.0000031407
        -0.3956895692        1.5773477063       -0.4514562103    1   3
        -0.0000065451       -0.0000040900        0.0000007223
        -0.6641731753       -1.0796142688       -1.1098060464    1   4
        -0.0000239101       -0.0000006195       -0.0000038467
         1.4858152962       -0.1085607398        0.0114661899    1   5
         0.0000314289        0.0000014702        0.0000005974
         4.7292456795       -0.2094941009       -0.0010483266    1   6
         0.0000591336        0.0000559410       -0.0000003793
         5.3133956710       -0.7374652893        1.0769773494    1   7
         0.0000128968        0.0000000306       -0.0000080419
         4.8458533915        1.1033486223       -0.0253694189    1   8
        -0.0000056918       -0.0000074181       -0.0000027674
         5.3250450379       -0.6927134050       -1.0786224483    1   9
         0.0000179506        0.0000050243        0.0000040343
         3.5764417630       -0.3112682711        0.0240148817    1  10
         0.0000737092        0.0000266828        0.0000021032

        -0.0401230550        0.0004674530        0.0023550237    1   1
         0.0000230439       -0.0000057725        0.0000047669
        -0.3824791397       -0.4773923829        1.7310386253    1   2
        -0.0000081494        0.0000033854        0.0000307052
        -0.1650271440        1.6727638335       -0.5313882600    1   3
        -0.0000414510        0.0000363032       -0.0000028724
        -0.4723126380       -1.1531946457       -1.2168777184    1   4
        -0.0000050757       -0.0000038114       -0.0000127666
         2.3969393119        0.0786829785       -0.0099229419    1   5
        -0.0000100538        0.0000221596       -0.0000111051
         4.7794608412       -0.2173264168       -0.0005635378    1   6
        -0.0000755917        0.0000280482        0.0000057738
         4.7855463419       -0.7722504203        1.2349517177    1   7
        -0.0000841920        0.0000158714        0.0000059694
         4.9519093957        1.0496872957       -0.0003860310    1   8
        -0.0000238529        0.0000161633       -0.0000004770
         4.7703357952       -0.7726613188       -1.2344895246    1   9
        -0.0000957911        0.0000185369       -0.0000061178

