 FLO    Charge     Asymp      E_COUL     E_SIC      EXlocal    EClocal    EXnonl     ECnonl
  1.   1.000000   1.000004  -1.783800  -0.026706  -1.533512  -0.042278  -0.217456   0.036151
  2.   1.000000   0.994743  -0.346852   0.004582  -0.301153  -0.023504  -0.042526   0.015749
  3.   1.000000   1.007553  -0.346531   0.004496  -0.300815  -0.023492  -0.042464   0.015744
  4.   1.000000   0.939939  -0.346616   0.004660  -0.300997  -0.023498  -0.042529   0.015749
  5.   1.000000   1.052810  -0.342184   0.008087  -0.299272  -0.023444  -0.042968   0.015414
  6.   1.000000   1.238407  -2.428652  -0.040546  -2.087338  -0.046383  -0.294589   0.040204
  7.   1.000000   1.264158  -0.439487   0.018250  -0.389676  -0.025879  -0.061474   0.019293
  8.   1.000000   1.295657  -0.420489   0.013458  -0.370809  -0.025605  -0.055446   0.017914
  9.   1.000000   1.223041  -0.439280   0.018290  -0.389520  -0.025874  -0.061468   0.019291
 10.   1.000000   1.197541  -0.454469   0.015682  -0.401756  -0.026303  -0.061248   0.019155
  1.   1.000000   1.000002  -1.781523  -0.026611  -1.531487  -0.042262  -0.217307   0.036144
  2.   1.000000   0.999035  -0.349069   0.003558  -0.302512  -0.023549  -0.042273   0.015707
  3.   1.000000   1.011392  -0.348821   0.003540  -0.302289  -0.023541  -0.042241   0.015710
  4.   1.000000   0.942288  -0.348746   0.003624  -0.302274  -0.023539  -0.042259   0.015702
  5.   1.000000   1.110030  -0.290853   0.019798  -0.262530  -0.022211  -0.041331   0.015421
  6.   1.000000   1.238425  -2.428429  -0.040264  -2.087365  -0.046378  -0.294623   0.040201
  7.   1.000000   1.248286  -0.444918   0.013384  -0.391802  -0.025938  -0.059615   0.019052
  8.   1.000000   1.296680  -0.428059   0.009762  -0.375255  -0.025740  -0.054649   0.017824
  9.   1.000000   1.204141  -0.444902   0.013387  -0.391789  -0.025938  -0.059614   0.019052
