     -1.32656    -0.01703    -0.01688    -0.01704    -0.01645     0.00011    -0.00094    -0.00072    -0.00084     0.00382
     -0.00815    -0.24248    -0.00927    -0.00925    -0.01128     0.00001    -0.00037    -0.00006    -0.00001     0.00115
     -0.00819    -0.00926    -0.24236    -0.00928    -0.01104     0.00002     0.00003    -0.00034    -0.00007     0.00106
     -0.00810    -0.00927    -0.00931    -0.24221    -0.01141     0.00002    -0.00010    -0.00006    -0.00034     0.00117
     -0.01084    -0.01114    -0.01096    -0.01121    -0.23432    -0.00067     0.00117     0.00037     0.00096    -0.01203
      0.00010    -0.00084    -0.00074    -0.00084     0.00586    -1.81135    -0.02548    -0.01760    -0.02541    -0.02483
      0.00010    -0.00017    -0.00054    -0.00041     0.00159    -0.01902    -0.29321    -0.01784    -0.01905    -0.01898
      0.00000     0.00017    -0.00011     0.00024    -0.00033    -0.01252    -0.01769    -0.28450    -0.01769    -0.01831
      0.00008    -0.00053    -0.00045    -0.00016     0.00169    -0.01901    -0.01907    -0.01785    -0.29302    -0.01898
     -0.00077     0.00144     0.00138     0.00140    -0.01221    -0.01968    -0.01899    -0.01837    -0.01900    -0.30635
     -1.32485    -0.01730    -0.01759    -0.01751    -0.01384    -0.00003     0.00246     0.00099     0.00251
     -0.00907    -0.24526    -0.00840    -0.00834    -0.00840    -0.00038     0.00035     0.00078     0.00182
     -0.00879    -0.00847    -0.24512    -0.00846    -0.00846    -0.00035     0.00152     0.00020     0.00121
     -0.00899    -0.00835    -0.00841    -0.24495    -0.00858    -0.00038     0.00151     0.00091     0.00047
     -0.00135    -0.00889    -0.00870    -0.00893    -0.18341     0.00172    -0.01093    -0.00785    -0.01093
      0.00014     0.00183     0.00186     0.00183    -0.01015    -1.81086    -0.03087    -0.02250    -0.03089
     -0.00061     0.00074     0.00051     0.00027    -0.01076    -0.02077    -0.30279    -0.01688    -0.01545
     -0.00021     0.00046     0.00033     0.00052    -0.00771    -0.01323    -0.01667    -0.29434    -0.01667
     -0.00062     0.00019     0.00054     0.00065    -0.01075    -0.02076    -0.01546    -0.01689    -0.30277
