  IT          TRACE                ETOT                 EKIN+ENONLOC          CHARGE              EDFT+SIC              LOWEST
   1        -65.926102020       -116.033631143        116.048911943         18.999998899       -115.934949719       -115.934949719
   2        -72.992759667       -116.098675173        114.133140028         18.999999326       -116.076117025       -116.076117025
   3        -73.456411088       -116.092869040        114.269787581         18.999999330       -116.074197292       -116.076117025
   4        -77.367797181       -115.933820929        119.203404435         18.999999050       -115.882675411       -116.076117025
   5        -75.413774330       -116.066198772        117.528188287         18.999999160       -116.033731134       -116.076117025
   6        -75.284484275       -116.091224229        117.130674716         18.999999190       -116.060692605       -116.076117025
   7        -74.055023671       -116.138014582        115.548180855         18.999999288       -116.117125965       -116.117125965
   8        -74.662031385       -116.140174228        115.990033388         18.999999255       -116.116649909       -116.117125965
   9        -74.560356147       -116.140098088        115.915710305         18.999999260       -116.118112043       -116.118112043
  10        -74.574580319       -116.139956379        115.935639043         18.999999257       -116.118142232       -116.118142232
  11        -74.421012790       -116.139567096        115.789784838         18.999999263       -116.118786756       -116.118786756
  12        -74.348340056       -116.138872299        115.676618453         18.999999270       -116.118619962       -116.118786756
  13        -74.394128269       -116.139263860        115.710291666         18.999999266       -116.118749227       -116.118786756
  14        -74.423047073       -116.139461491        115.753419510         18.999999262       -116.118865288       -116.118865288
  15        -74.369217648       -116.139044182        115.699249637         18.999999265       -116.118835148       -116.118865288
  16        -74.376334644       -116.139096082        115.698464466         18.999999265       -116.118825189       -116.118865288
  17        -74.396785033       -116.139256119        115.722488193         18.999999264       -116.118866092       -116.118866092
  18        -74.396828401       -116.139232266        115.726298453         18.999999264       -116.118869741       -116.118869741
  19        -74.404108874       -116.139269746        115.735569302         18.999999263       -116.118873803       -116.118873803
  20        -74.408365261       -116.139294793        115.742615223         18.999999263       -116.118875803       -116.118875803
  21        -74.409846620       -116.139301660        115.746076646         18.999999263       -116.118876136       -116.118876136
  22        -74.410629398       -116.139306291        115.747741474         18.999999263       -116.118876024       -116.118876136
