     7 0.02 0.005     10.000000     9.000000  NAT,DX,DE,EUP,EDN
 300.0 0.0  1 6.0                             TEMP,WAVL,IBROAD,FWHM
            12.011150            15.999400             1.007970
             1.007970             1.007970             1.007970
             1.007970
                -116.1188760239     1 Energy and Symbol NCALC
           0.00000000           0.00000000           0.00000000   6   6
   0.000000000000D+00   0.000000000000D+00   0.000000000000D+00
           4.73461400          -0.22047400          -0.00051000   8   8
   0.000000000000D+00   0.000000000000D+00   0.000000000000D+00
           2.30728000          -0.23808700           0.00451600   1   1
   0.000000000000D+00   0.000000000000D+00   0.000000000000D+00
          -0.59345000          -0.45584000           1.90800000   1   1
   0.000000000000D+00   0.000000000000D+00   0.000000000000D+00
          -0.41419000           1.93746100          -0.52627000   1   1
   0.000000000000D+00   0.000000000000D+00   0.000000000000D+00
          -0.64483100          -1.35699300          -1.39482600   1   1
   0.000000000000D+00   0.000000000000D+00   0.000000000000D+00
           4.96644600           1.59099800          -0.00189000   1   1
   0.000000000000D+00   0.000000000000D+00   0.000000000000D+00
   0.356382455290D+00  -0.580802380735D+00   0.250983936176D-03
   0.000000000000D+00   0.000000000000D+00   0.000000000000D+00
