           9           8
  0.236494448258D-03 -0.196157627793D-03  0.149070659004D+00  1  D2INV=      1.0000 SUGGEST=       1.0000
  0.414493356972D+00  0.944304724139D-01 -0.107317415897D-01  1  D2INV=      1.0000 SUGGEST=       1.0000
  0.156684624691D-01 -0.171967261660D-01  0.600692896603D+00  1  D2INV=      1.0000 SUGGEST=       1.0000
 -0.140689108624D+00 -0.401469480706D+00 -0.115214806379D-01  1  D2INV=      1.0000 SUGGEST=       1.0000
 -0.291444890419D+00  0.326020738439D+00  0.168412161773D-01  1  D2INV=      1.0000 SUGGEST=       1.0000
 -0.601859801819D-01  0.686371584793D-01 -0.165360087603D+01  1  D2INV=      1.0000 SUGGEST=       1.0000
  0.102008718725D+01 -0.120302778565D+01  0.585961424694D+00  1  D2INV=      1.0000 SUGGEST=       1.0000
 -0.154661282387D+01 -0.339333884854D+00  0.469293386578D+00  1  D2INV=      1.0000 SUGGEST=       1.0000
  0.565306510242D+00  0.148488064726D+01  0.464759469380D+00  1  D2INV=      1.0000 SUGGEST=       1.0000
 -0.256567647008D-02 -0.222113149436D-02  0.149646410739D+00  1  D2INV=      1.0000 SUGGEST=       1.0000
  0.337015304539D+00  0.260600371503D+00 -0.867662197368D-01  1  D2INV=      1.0000 SUGGEST=       1.0000
 -0.990865814177D-01 -0.497090392487D-01  0.583132169917D+00  1  D2INV=      1.0000 SUGGEST=       1.0000
  0.174416136310D+00 -0.395923811571D+00  0.337521141708D-01  1  D2INV=      1.0000 SUGGEST=       1.0000
 -0.381746287202D+00  0.212062376325D+00  0.448719456925D-01  1  D2INV=      1.0000 SUGGEST=       1.0000
  0.207196176175D+00  0.146851679713D+00 -0.161931949265D+01  1  D2INV=      1.0000 SUGGEST=       1.0000
  0.102964278764D+01 -0.122247129723D+01  0.697106106806D+00  1  D2INV=      1.0000 SUGGEST=       1.0000
 -0.632203718984D+00  0.147309687582D+01  0.665597897197D+00  1  D2INV=      1.0000 SUGGEST=       1.0000
