           5           4
 -0.486868349234D-04  0.400022132647D-04 -0.176560834856D-03  1  D2INV=      1.0000 SUGGEST=       1.0000
  0.712358278750D+00  0.738210380988D+00  0.776239395572D+00  1  D2INV=      1.0000 SUGGEST=       1.0000
 -0.738246826541D+00 -0.712344450317D+00  0.776583053066D+00  1  D2INV=      1.0000 SUGGEST=       1.0000
 -0.712125914170D+00  0.711573331851D+00 -0.801209753203D+00  1  D2INV=      1.0000 SUGGEST=       1.0000
  0.739276026284D+00 -0.739384197886D+00 -0.750564369829D+00  1  D2INV=      1.0000 SUGGEST=       1.0000
  0.156776184935D-01 -0.159919273470D-01 -0.606927981468D-02  1  D2INV=      1.0000 SUGGEST=       1.0000
  0.725885610734D+00  0.554142801013D+00  0.969101945544D+00  1  D2INV=      1.0000 SUGGEST=       1.0000
 -0.561009439487D+00 -0.722353833814D+00  0.969609453627D+00  1  D2INV=      1.0000 SUGGEST=       1.0000
 -0.330432557716D+00  0.332521639577D+00 -0.129718492863D+01  1  D2INV=      1.0000 SUGGEST=       1.0000
