   1          TOTAL NUMBER OF ATOM TYPES                                        
   9   9      ELECTRONIC AND NUCLEAR CHARGE                                     
ALL           ALL-ELECTRON ATOM TYPE                                            
   1          NUMBER OF ATOMS OF TYPE FLU                                       
 0.000000 0.000000 0.000000 UPO                                                 
 0                                                                              
  14          NUMBER OF BARE GAUSSIANS                                          
   5   4   3  NUMBER OF S,P,D FUNCTIONS                                         
   0   0   1  SUPPLEMENTARY S,P,D FUNCTIONS                                     
       0.1231742220D+06       0.1865493160D+05       0.4284660370D+04           
       0.1223150920D+04       0.4016733760D+03       0.1457852270D+03           
       0.5694551760D+02       0.2349311190D+02       0.1003418550D+02           
       0.4343769680D+01       0.1868203030D+01       0.7806879100D+00           
       0.3149846100D+00       0.1181861600D+00                                  
                                                                                
       0.2355763350D+00       0.4376225000D+00       0.7524712120D+00           
       0.1216638020D+01       0.1845316540D+01       0.2551384850D+01           
       0.3004077050D+01       0.2682876730D+01       0.1405497250D+01           
       0.2609771830D+00       0.2555561480D-02       0.7546130340D-03           
      -0.1646029690D-03       0.2082887950D-04                                  
                                                                                
      -0.5583942250D-01      -0.1035858050D+00      -0.1788144750D+00           
      -0.2894265580D+00      -0.4466115800D+00      -0.6343658820D+00           
      -0.8145208580D+00      -0.8538368980D+00      -0.6447789780D+00           
      -0.1142431720D+00       0.3167190590D+00       0.3041863400D+00           
       0.1005780670D+00       0.4817488440D-02                                  
                                                                                
       0.0000000000D+00       0.0000000000D+00       0.0000000000D+00           
       0.0000000000D+00       0.0000000000D+00       0.0000000000D+00           
       0.0000000000D+00       0.0000000000D+00       0.0000000000D+00           
       0.0000000000D+00       0.0000000000D+00       0.1000000000D+01           
       0.0000000000D+00       0.0000000000D+00                                  
                                                                                
       0.0000000000D+00       0.0000000000D+00       0.0000000000D+00           
       0.0000000000D+00       0.0000000000D+00       0.0000000000D+00           
       0.0000000000D+00       0.0000000000D+00       0.0000000000D+00           
       0.0000000000D+00       0.0000000000D+00       0.0000000000D+00           
       0.1000000000D+01       0.0000000000D+00                                  
                                                                                
       0.0000000000D+00       0.0000000000D+00       0.0000000000D+00           
       0.0000000000D+00       0.0000000000D+00       0.0000000000D+00           
       0.0000000000D+00       0.0000000000D+00       0.0000000000D+00           
       0.0000000000D+00       0.0000000000D+00       0.0000000000D+00           
       0.0000000000D+00       0.1000000000D+01                                  
                                                                                
       0.4900854750D-01       0.9059901630D-01       0.1569389330D+00           
       0.2549422150D+00       0.3969983700D+00       0.5817501900D+00           
       0.7854593500D+00       0.9713952850D+00       0.1017485400D+01           
       0.8881348760D+00       0.5325776020D+00       0.2097448310D+00           
       0.5358788830D-01       0.5596492130D-02                                  
                                                                                
       0.0000000000D+00       0.0000000000D+00       0.0000000000D+00           
       0.0000000000D+00       0.0000000000D+00       0.0000000000D+00           
       0.0000000000D+00       0.0000000000D+00       0.0000000000D+00           
       0.0000000000D+00       0.0000000000D+00       0.1000000000D+01           
       0.0000000000D+00       0.0000000000D+00                                  
                                                                                
       0.0000000000D+00       0.0000000000D+00       0.0000000000D+00           
       0.0000000000D+00       0.0000000000D+00       0.0000000000D+00           
       0.0000000000D+00       0.0000000000D+00       0.0000000000D+00           
       0.0000000000D+00       0.0000000000D+00       0.0000000000D+00           
       0.1000000000D+01       0.0000000000D+00                                  
                                                                                
       0.0000000000D+00       0.0000000000D+00       0.0000000000D+00           
       0.0000000000D+00       0.0000000000D+00       0.0000000000D+00           
       0.0000000000D+00       0.0000000000D+00       0.0000000000D+00           
       0.0000000000D+00       0.0000000000D+00       0.0000000000D+00           
       0.0000000000D+00       0.1000000000D+01                                  
                                                                                
       0.0000000000D+00       0.0000000000D+00       0.0000000000D+00           
       0.0000000000D+00       0.0000000000D+00       0.0000000000D+00           
       0.0000000000D+00       0.0000000000D+00       0.0000000000D+00           
       0.0000000000D+00       0.1000000000D+01       0.0000000000D+00           
       0.0000000000D+00       0.0000000000D+00                                  
                                                                                
       0.0000000000D+00       0.0000000000D+00       0.0000000000D+00           
       0.0000000000D+00       0.0000000000D+00       0.0000000000D+00           
       0.0000000000D+00       0.0000000000D+00       0.0000000000D+00           
       0.0000000000D+00       0.0000000000D+00       0.1000000000D+01           
       0.0000000000D+00       0.0000000000D+00                                  
                                                                                
       0.0000000000D+00       0.0000000000D+00       0.0000000000D+00           
       0.0000000000D+00       0.0000000000D+00       0.0000000000D+00           
       0.0000000000D+00       0.0000000000D+00       0.0000000000D+00           
       0.0000000000D+00       0.0000000000D+00       0.0000000000D+00           
       0.1000000000D+01       0.0000000000D+00                                  
                                                                                
       0.0000000000D+00       0.0000000000D+00       0.0000000000D+00           
       0.0000000000D+00       0.0000000000D+00       0.0000000000D+00           
       0.0000000000D+00       0.0000000000D+00       0.0000000000D+00           
       0.0000000000D+00       0.0000000000D+00       0.0000000000D+00           
       0.0000000000D+00       0.1000000000D+01                                  
                                                                                
 5.000000 5.000000                                                              
WFOUT                                                                           
     1     SPIN
     5     NUMBER OF OCCUPIED ORBITALS, EVALUES:
  -23.6463311255     -0.588713198615      0.643421509520E-01
  0.643421509520E-01  0.643421509520E-01
     1     NUMBER OF REPRESENTATIONS
     5    35
   1.00000000000       1.00000000000       1.00000000000    
   1.00000000000       1.00000000000    
  
   1.00009705166      0.156841907352E-03 -0.707215970375E-04
 -0.139767678503E-03 -0.388654483300E-04  0.201262960700E-15
  0.934904635095E-16  0.166138606209E-15 -0.894445600568E-16
 -0.580438661506E-16 -0.109872199540E-15 -0.586397059063E-17
  0.502451381897E-17  0.105438028779E-16 -0.108290535825E-17
 -0.169665750052E-17 -0.308296974589E-17  0.603417855732E-03
  0.603417855731E-03  0.603417855731E-03  0.333870289891E-16
  0.685591127691E-16 -0.214035026571E-17  0.428170065881E-04
  0.428170065883E-04  0.428170065882E-04 -0.523318692918E-17
 -0.182702321981E-16  0.399461125928E-17  0.438435508247E-04
  0.438435508247E-04  0.438435508247E-04  0.211954222290E-18
  0.174961409378E-17 -0.587952505600E-18
  
  0.929587551504E-03 -0.973344932099      0.882669608961E-02
 -0.420413095155E-02 -0.524234781953E-02 -0.101015489655E-14
  0.120764541136E-14 -0.301567755105E-15  0.508808720261E-15
 -0.736755837168E-15  0.378920003187E-15 -0.522069536434E-18
  0.107974122463E-15 -0.116273058363E-15  0.258194529766E-16
 -0.292778810747E-16  0.200254916318E-16 -0.488489152055E-03
 -0.488489152055E-03 -0.488489152054E-03  0.981869942706E-15
  0.102363071900E-15 -0.272262707944E-15 -0.623208302483E-03
 -0.623208302482E-03 -0.623208302483E-03 -0.265273264883E-15
 -0.640576350763E-17  0.637980855238E-16 -0.373276953137E-03
 -0.373276953137E-03 -0.373276953137E-03  0.356989225539E-16
 -0.519316039763E-17 -0.137059972736E-16
  
 -0.245483562022E-16 -0.640312049219E-15 -0.140645158479E-13
  0.123444222149E-13  0.155814343985E-14 -0.251263003277    
 -0.904897617839       1.27767856991     -0.756042524668E-03
 -0.272280865322E-02  0.384449488826E-02  0.465420598529E-03
  0.167616396130E-02 -0.236667522468E-02 -0.248078931124E-02
 -0.893430512581E-02  0.126148748447E-01  0.364006460738E-14
  0.429833645949E-14  0.387803154419E-14 -0.288103799049E-14
  0.202730336041E-14  0.652879551040E-15 -0.596648651543E-14
 -0.625308632100E-14 -0.596757417491E-14  0.483028981382E-15
 -0.253142686332E-15  0.306740451769E-17 -0.236174675383E-14
 -0.230344044977E-14 -0.236010798076E-14  0.519064875015E-16
 -0.782199626616E-16 -0.367428366819E-16
  
  0.362935285518E-14  0.102718399105E-13 -0.366081865883E-13
  0.252869312375E-13  0.377882379412E-14   1.39878311949    
  0.451583334954      0.594906379032      0.420889469333E-02
  0.135880014249E-02  0.179005470315E-02 -0.259100014007E-02
 -0.836478842084E-03 -0.110195961756E-02  0.138105736472E-01
  0.445860749843E-02  0.587367565875E-02  0.828597357474E-14
  0.849845535170E-14  0.897879157308E-14  0.304283926364E-15
  0.535469167497E-16 -0.305557100806E-15 -0.116382953742E-13
 -0.114200382641E-13 -0.116314643239E-13 -0.135630424800E-15
 -0.496971589789E-16 -0.786448105854E-17 -0.549598906578E-14
 -0.541555284640E-14 -0.542969764856E-14 -0.297490922254E-16
 -0.860952227858E-17 -0.376965959159E-17
  
 -0.757197279285E-15 -0.234867019506E-14 -0.235382657940E-13
  0.224919651851E-13  0.218666917216E-14  0.703354826105    
  -1.22133865755     -0.726676816593      0.211637269128E-02
 -0.367496985263E-02 -0.218654783183E-02 -0.130284132512E-02
  0.226231542880E-02  0.134604121779E-02  0.694441725147E-02
 -0.120586152658E-01 -0.717468173117E-02  0.599569077392E-14
  0.736450668954E-14  0.703786639160E-14 -0.152863261454E-15
 -0.947685239098E-16  0.303174466646E-15 -0.107356424932E-13
 -0.111736636420E-13 -0.110843015416E-13 -0.258932059485E-16
 -0.122601073260E-15 -0.125083554475E-17 -0.414706364282E-14
 -0.398561909921E-14 -0.408111324948E-14  0.495821097479E-16
  0.939369733426E-16  0.247086256828E-17
