  IT          TRACE                ETOT                 EKIN+ENONLOC          CHARGE              EDFT+SIC              LOWEST
   1        -53.043895595        -99.102612465        102.050886437          9.999999990        -99.102612465        -99.102612465
   2        -44.575354900        -97.350866909         88.272433251          9.999999980        -97.350866909        -99.102612465
   3        -47.035273755        -99.168993173         96.159659457          9.999999987        -99.168993173        -99.168993173
   4        -47.794603379        -99.253143159         98.087276319          9.999999988        -99.253143159        -99.253143159
   5        -48.140990362        -99.258708198         98.920152330          9.999999988        -99.258708198        -99.258708198
   6        -48.129931677        -99.258819581         98.914933710          9.999999988        -99.258819581        -99.258819581
   7        -48.056408235        -99.259029594         98.786283853          9.999999988        -99.259029594        -99.259029594
   8        -48.057162981        -99.259025841         98.784577639          9.999999988        -99.259025841        -99.259029594
   9        -48.081672606        -99.259050332         98.819215140          9.999999988        -99.259050332        -99.259050332
  10        -48.083389428        -99.259050507         98.821741030          9.999999988        -99.259050507        -99.259050507
  11        -48.084035742        -99.259050510         98.822306307          9.999999988        -99.259050510        -99.259050510
