   3          TOTAL NUMBER OF ATOM TYPES                                        
   8   8      ELECTRONIC AND NUCLEAR CHARGE                                     
ALL           ALL-ELECTRON ATOM TYPE                                            
   1          NUMBER OF ATOMS OF TYPE OXY                                       
 0.000000 0.000000 0.000000 UPO                                                 
 0                                                                              
  13          NUMBER OF BARE GAUSSIANS                                          
   5   4   3  NUMBER OF S,P,D FUNCTIONS                                         
   0   0   1  SUPPLEMENTARY S,P,D FUNCTIONS                                     
       0.6120995220D+05       0.9191660630D+04       0.2094692730D+04           
       0.5935495900D+03       0.1936468550D+03       0.6977937380D+02           
       0.2693975300D+02       0.1093418610D+02       0.4565711210D+01           
       0.1884057180D+01       0.7553058400D+00       0.2915527400D+00           
       0.1049174000D+00                                                         
                                                                                
       0.2484510850D+00       0.4640692010D+00       0.8000280060D+00           
       0.1288259230D+01       0.1912301250D+01       0.2484317540D+01           
       0.2565928310D+01       0.1710267850D+01       0.4862767820D+00           
       0.2128629570D-01       0.3876386950D-03      -0.1273179470D-03           
       0.1805300580D-04                                                         
                                                                                
      -0.5837699430D-01      -0.1091869670D+00      -0.1884255660D+00           
      -0.3060803760D+00      -0.4627975500D+00      -0.6352657150D+00           
      -0.7423516650D+00      -0.6508699470D+00      -0.2850338670D+00           
       0.1945857910D+00       0.3001787390D+00       0.1205146690D+00           
       0.7304580300D-02                                                         
                                                                                
       0.0000000000D+00       0.0000000000D+00       0.0000000000D+00           
       0.0000000000D+00       0.0000000000D+00       0.0000000000D+00           
       0.0000000000D+00       0.0000000000D+00       0.0000000000D+00           
       0.0000000000D+00       0.1000000000D+01       0.0000000000D+00           
       0.0000000000D+00                                                         
                                                                                
       0.0000000000D+00       0.0000000000D+00       0.0000000000D+00           
       0.0000000000D+00       0.0000000000D+00       0.0000000000D+00           
       0.0000000000D+00       0.0000000000D+00       0.0000000000D+00           
       0.0000000000D+00       0.0000000000D+00       0.1000000000D+01           
       0.0000000000D+00                                                         
                                                                                
       0.0000000000D+00       0.0000000000D+00       0.0000000000D+00           
       0.0000000000D+00       0.0000000000D+00       0.0000000000D+00           
       0.0000000000D+00       0.0000000000D+00       0.0000000000D+00           
       0.0000000000D+00       0.0000000000D+00       0.0000000000D+00           
       0.1000000000D+01                                                         
                                                                                
       0.4803085360D-01       0.7673145870D-01       0.1493385660D+00           
       0.2241829500D+00       0.3683805400D+00       0.5002376060D+00           
       0.6764937310D+00       0.7390674950D+00       0.7096321280D+00           
       0.4954630190D+00       0.2131075530D+00       0.5731713790D-01           
       0.6280915410D-02                                                         
                                                                                
       0.0000000000D+00       0.0000000000D+00       0.0000000000D+00           
       0.0000000000D+00       0.0000000000D+00       0.0000000000D+00           
       0.0000000000D+00       0.0000000000D+00       0.0000000000D+00           
       0.0000000000D+00       0.1000000000D+01       0.0000000000D+00           
       0.0000000000D+00                                                         
                                                                                
       0.0000000000D+00       0.0000000000D+00       0.0000000000D+00           
       0.0000000000D+00       0.0000000000D+00       0.0000000000D+00           
       0.0000000000D+00       0.0000000000D+00       0.0000000000D+00           
       0.0000000000D+00       0.0000000000D+00       0.1000000000D+01           
       0.0000000000D+00                                                         
                                                                                
       0.0000000000D+00       0.0000000000D+00       0.0000000000D+00           
       0.0000000000D+00       0.0000000000D+00       0.0000000000D+00           
       0.0000000000D+00       0.0000000000D+00       0.0000000000D+00           
       0.0000000000D+00       0.0000000000D+00       0.0000000000D+00           
       0.1000000000D+01                                                         
                                                                                
       0.0000000000D+00       0.0000000000D+00       0.0000000000D+00           
       0.0000000000D+00       0.0000000000D+00       0.0000000000D+00           
       0.0000000000D+00       0.0000000000D+00       0.0000000000D+00           
       0.1000000000D+01       0.0000000000D+00       0.0000000000D+00           
       0.0000000000D+00                                                         
                                                                                
       0.0000000000D+00       0.0000000000D+00       0.0000000000D+00           
       0.0000000000D+00       0.0000000000D+00       0.0000000000D+00           
       0.0000000000D+00       0.0000000000D+00       0.0000000000D+00           
       0.0000000000D+00       0.1000000000D+01       0.0000000000D+00           
       0.0000000000D+00                                                         
                                                                                
       0.0000000000D+00       0.0000000000D+00       0.0000000000D+00           
       0.0000000000D+00       0.0000000000D+00       0.0000000000D+00           
       0.0000000000D+00       0.0000000000D+00       0.0000000000D+00           
       0.0000000000D+00       0.0000000000D+00       0.1000000000D+01           
       0.0000000000D+00                                                         
                                                                                
       0.0000000000D+00       0.0000000000D+00       0.0000000000D+00           
       0.0000000000D+00       0.0000000000D+00       0.0000000000D+00           
       0.0000000000D+00       0.0000000000D+00       0.0000000000D+00           
       0.0000000000D+00       0.0000000000D+00       0.0000000000D+00           
       0.1000000000D+01                                                         
                                                                                
   1   1      ELECTRONIC AND NUCLEAR CHARGE                                     
ALL           ALL-ELECTRON ATOM TYPE                                            
   1          NUMBER OF ATOMS OF TYPE HYD                                       
 1.450000 1.120000 0.000000 UPO                                                 
 0                                                                              
   6          NUMBER OF BARE GAUSSIANS                                          
   4   3   1  NUMBER OF S,P,D FUNCTIONS                                         
   0   1   1  SUPPLEMENTARY S,P,D FUNCTIONS                                     
       0.7784080190D+02       0.1153441740D+02       0.2613858140D+01           
       0.7321663300D+00       0.2283819000D+00       0.7450697000D-01           
                                                                                
       0.3765677010D-01       0.7036322570D-01       0.1131455390D+00           
       0.1393935110D+00       0.1091635820D+00       0.3585699350D-01           
                                                                                
       0.0000000000D+00       0.0000000000D+00       0.0000000000D+00           
       0.1000000000D+01       0.0000000000D+00       0.0000000000D+00           
                                                                                
       0.0000000000D+00       0.0000000000D+00       0.0000000000D+00           
       0.0000000000D+00       0.1000000000D+01       0.0000000000D+00           
                                                                                
       0.0000000000D+00       0.0000000000D+00       0.0000000000D+00           
       0.0000000000D+00       0.0000000000D+00       0.1000000000D+01           
                                                                                
       0.0000000000D+00       0.0000000000D+00       0.1000000000D+01           
       0.0000000000D+00       0.0000000000D+00       0.0000000000D+00           
                                                                                
       0.0000000000D+00       0.0000000000D+00       0.0000000000D+00           
       0.1000000000D+01       0.0000000000D+00       0.0000000000D+00           
                                                                                
       0.0000000000D+00       0.0000000000D+00       0.0000000000D+00           
       0.0000000000D+00       0.1000000000D+01       0.0000000000D+00           
                                                                                
       0.0000000000D+00       0.0000000000D+00       0.0000000000D+00           
       0.0000000000D+00       0.0000000000D+00       0.1000000000D+01           
                                                                                
       0.0000000000D+00       0.0000000000D+00       0.0000000000D+00           
       0.1000000000D+01       0.0000000000D+00       0.0000000000D+00           
                                                                                
       0.0000000000D+00       0.0000000000D+00       0.0000000000D+00           
       0.0000000000D+00       0.1000000000D+01       0.0000000000D+00           
                                                                                
   9   9      ELECTRONIC AND NUCLEAR CHARGE                                     
ALL           ALL-ELECTRON ATOM TYPE                                            
   1          NUMBER OF ATOMS OF TYPE FLU                                       
 0.000000 20.000000 0.000000 UPO                                                
 0                                                                              
  14          NUMBER OF BARE GAUSSIANS                                          
   5   4   3  NUMBER OF S,P,D FUNCTIONS                                         
   0   0   1  SUPPLEMENTARY S,P,D FUNCTIONS                                     
       0.1231742220D+06       0.1865493160D+05       0.4284660370D+04           
       0.1223150920D+04       0.4016733760D+03       0.1457852270D+03           
       0.5694551760D+02       0.2349311190D+02       0.1003418550D+02           
       0.4343769680D+01       0.1868203030D+01       0.7806879100D+00           
       0.3149846100D+00       0.1181861600D+00                                  
                                                                                
       0.2355763350D+00       0.4376225000D+00       0.7524712120D+00           
       0.1216638020D+01       0.1845316540D+01       0.2551384850D+01           
       0.3004077050D+01       0.2682876730D+01       0.1405497250D+01           
       0.2609771830D+00       0.2555561480D-02       0.7546130340D-03           
      -0.1646029690D-03       0.2082887950D-04                                  
                                                                                
      -0.5583942250D-01      -0.1035858050D+00      -0.1788144750D+00           
      -0.2894265580D+00      -0.4466115800D+00      -0.6343658820D+00           
      -0.8145208580D+00      -0.8538368980D+00      -0.6447789780D+00           
      -0.1142431720D+00       0.3167190590D+00       0.3041863400D+00           
       0.1005780670D+00       0.4817488440D-02                                  
                                                                                
       0.0000000000D+00       0.0000000000D+00       0.0000000000D+00           
       0.0000000000D+00       0.0000000000D+00       0.0000000000D+00           
       0.0000000000D+00       0.0000000000D+00       0.0000000000D+00           
       0.0000000000D+00       0.0000000000D+00       0.1000000000D+01           
       0.0000000000D+00       0.0000000000D+00                                  
                                                                                
       0.0000000000D+00       0.0000000000D+00       0.0000000000D+00           
       0.0000000000D+00       0.0000000000D+00       0.0000000000D+00           
       0.0000000000D+00       0.0000000000D+00       0.0000000000D+00           
       0.0000000000D+00       0.0000000000D+00       0.0000000000D+00           
       0.1000000000D+01       0.0000000000D+00                                  
                                                                                
       0.0000000000D+00       0.0000000000D+00       0.0000000000D+00           
       0.0000000000D+00       0.0000000000D+00       0.0000000000D+00           
       0.0000000000D+00       0.0000000000D+00       0.0000000000D+00           
       0.0000000000D+00       0.0000000000D+00       0.0000000000D+00           
       0.0000000000D+00       0.1000000000D+01                                  
                                                                                
       0.4900854750D-01       0.9059901630D-01       0.1569389330D+00           
       0.2549422150D+00       0.3969983700D+00       0.5817501900D+00           
       0.7854593500D+00       0.9713952850D+00       0.1017485400D+01           
       0.8881348760D+00       0.5325776020D+00       0.2097448310D+00           
       0.5358788830D-01       0.5596492130D-02                                  
                                                                                
       0.0000000000D+00       0.0000000000D+00       0.0000000000D+00           
       0.0000000000D+00       0.0000000000D+00       0.0000000000D+00           
       0.0000000000D+00       0.0000000000D+00       0.0000000000D+00           
       0.0000000000D+00       0.0000000000D+00       0.1000000000D+01           
       0.0000000000D+00       0.0000000000D+00                                  
                                                                                
       0.0000000000D+00       0.0000000000D+00       0.0000000000D+00           
       0.0000000000D+00       0.0000000000D+00       0.0000000000D+00           
       0.0000000000D+00       0.0000000000D+00       0.0000000000D+00           
       0.0000000000D+00       0.0000000000D+00       0.0000000000D+00           
       0.1000000000D+01       0.0000000000D+00                                  
                                                                                
       0.0000000000D+00       0.0000000000D+00       0.0000000000D+00           
       0.0000000000D+00       0.0000000000D+00       0.0000000000D+00           
       0.0000000000D+00       0.0000000000D+00       0.0000000000D+00           
       0.0000000000D+00       0.0000000000D+00       0.0000000000D+00           
       0.0000000000D+00       0.1000000000D+01                                  
                                                                                
       0.0000000000D+00       0.0000000000D+00       0.0000000000D+00           
       0.0000000000D+00       0.0000000000D+00       0.0000000000D+00           
       0.0000000000D+00       0.0000000000D+00       0.0000000000D+00           
       0.0000000000D+00       0.1000000000D+01       0.0000000000D+00           
       0.0000000000D+00       0.0000000000D+00                                  
                                                                                
       0.0000000000D+00       0.0000000000D+00       0.0000000000D+00           
       0.0000000000D+00       0.0000000000D+00       0.0000000000D+00           
       0.0000000000D+00       0.0000000000D+00       0.0000000000D+00           
       0.0000000000D+00       0.0000000000D+00       0.1000000000D+01           
       0.0000000000D+00       0.0000000000D+00                                  
                                                                                
       0.0000000000D+00       0.0000000000D+00       0.0000000000D+00           
       0.0000000000D+00       0.0000000000D+00       0.0000000000D+00           
       0.0000000000D+00       0.0000000000D+00       0.0000000000D+00           
       0.0000000000D+00       0.0000000000D+00       0.0000000000D+00           
       0.1000000000D+01       0.0000000000D+00                                  
                                                                                
       0.0000000000D+00       0.0000000000D+00       0.0000000000D+00           
       0.0000000000D+00       0.0000000000D+00       0.0000000000D+00           
       0.0000000000D+00       0.0000000000D+00       0.0000000000D+00           
       0.0000000000D+00       0.0000000000D+00       0.0000000000D+00           
       0.0000000000D+00       0.1000000000D+01                                  
                                                                                
 10.0000 10.00000                                                               
WFOUT                                                                           
     1     SPIN
    11     NUMBER OF OCCUPIED ORBITALS, EVALUES:
  -23.6860422139      -18.5394227335     -0.849797712317    
 -0.626802047618     -0.275195175648      0.281287728878E-01
  0.352317255833E-01 -0.413183103250      0.281278880583E-01
 -0.200279015337      0.281284487930E-01
     4     NUMBER OF REPRESENTATIONS
     7    50
   1.00000000000       1.00000000000       1.00000000000    
   1.00000000000       1.00000000000      0.983970050750    
  0.480707863785E-01
  
  0.479430876093E-10  0.160327929919E-09  0.193232686219E-09
 -0.370804962899E-09 -0.154613762249E-09 -0.111643177296E-10
  0.181479875349E-11 -0.845468858410E-10 -0.226648419191E-10
 -0.142397406079E-09 -0.129750679990E-09 -0.641042306711E-10
  0.115857844754E-09  0.113049467443E-09  0.899214392527E-10
  0.238568778615E-10  0.262042935028E-10  0.535786429446E-10
 -0.408560968547E-11  0.123348269728E-10  0.173829762908E-09
  0.437266643252E-10  0.351139577036E-10  0.278838255096E-10
 -0.388167152382E-10 -0.230774850227E-10 -0.569889008747E-10
 -0.335199654758E-10  0.220548054193E-10  0.247781596866E-11
 -0.450892710923E-11  0.287196029239E-10   1.00007042295    
  0.974776549621E-04 -0.287021711966E-04 -0.125065689468E-03
 -0.383631947651E-04  0.175739464718E-05 -0.751209025042E-06
 -0.175290253577E-07 -0.174195405205E-07  0.555613480266E-03
  0.555637631647E-03  0.555628660155E-03  0.283207074566E-04
  0.283168791241E-04  0.283183018787E-04  0.429288832683E-04
  0.429291828496E-04  0.429290714831E-04
  
  -1.00010499287     -0.513269310017E-03  0.757595291844E-03
 -0.533144438342E-03 -0.529406213661E-04 -0.658705094349E-02
  0.327839825588E-02 -0.739017446119E-05  0.225649370424E-04
 -0.211212163626E-02 -0.141339428282E-02  0.120605952521E-03
  0.952691790890E-03  0.763464696380E-03  0.485460525048E-04
 -0.160001371444E-03 -0.103176064021E-03 -0.247166501578E-04
 -0.120613223225E-03 -0.422649928927E-03  0.576819037084E-03
  0.180017171894E-04 -0.148239860857E-03 -0.990852078873E-04
  0.796301327862E-03  0.507328280759E-03 -0.127681070469E-03
 -0.100226647946E-03 -0.430244737236E-03 -0.140790798483E-03
 -0.245938105387E-04 -0.476628131095E-03  0.894716814378E-10
  0.289643780324E-09  0.523225197543E-09 -0.613545615583E-09
 -0.720030798417E-10 -0.102168742637E-09  0.152800248683E-09
 -0.721022110616E-10  0.194915614661E-10 -0.192244234387E-09
 -0.195136001034E-09 -0.192227028380E-09  0.311907839986E-09
  0.313452033477E-09  0.311898652559E-09  0.110542805703E-09
  0.110212431057E-09  0.110544771118E-09
  
 -0.616136094158E-02  0.858497119681     -0.168930242516E-01
 -0.180319654327E-01 -0.287540604643E-02  0.309911089051    
 -0.147222955827E-02 -0.129874858688E-01 -0.214426669301E-02
  0.309125006210E-01  0.192712150464E-01 -0.189744835472E-01
 -0.131328609839E-02 -0.440786369289E-03 -0.623298215932E-02
 -0.148529460287E-02 -0.133262004736E-02 -0.132056012621E-02
  0.618080948308     -0.107544874846E-01 -0.415676536229E-01
 -0.217183713215E-01 -0.311732731985E-01 -0.206801503716E-01
 -0.251340018301E-01 -0.157561609044E-01 -0.399237148336E-02
 -0.240896801612E-02  0.501274494407E-02  0.406754913461E-03
 -0.411690269915E-02  0.104524319702E-01 -0.176097277751E-09
 -0.555187941568E-09 -0.299548058357E-08  0.276289443635E-08
  0.538292574924E-09  0.293032414062E-09 -0.624309465632E-09
  0.427755238817E-09 -0.144620918407E-09  0.675093183544E-09
  0.706238214674E-09  0.674905118742E-09 -0.133045270723E-08
 -0.135160260985E-08 -0.133032579961E-08 -0.631810749398E-09
 -0.625288290409E-09 -0.631849864655E-09
  
 -0.326836967677E-08 -0.108749914532E-07 -0.431409890758E-07
  0.707052334299E-07  0.486352931156E-07  0.119022488760E-08
 -0.111326199333E-08  0.206765103904E-07  0.737834435068E-08
  0.161541767339E-07  0.143113604785E-07  0.691436770242E-08
 -0.188402895660E-07 -0.182857106599E-07 -0.151709507820E-07
 -0.494689200668E-08 -0.543554474472E-08 -0.120414983548E-07
  0.441138965787E-09 -0.172215807590E-08 -0.457767599085E-07
 -0.155305224688E-07 -0.457704872012E-08 -0.313609379226E-08
  0.706610697487E-08  0.381735605912E-08  0.152456334839E-07
  0.878257668889E-08 -0.351871344518E-08  0.293057223248E-09
  0.145237231764E-08 -0.442495499965E-08  0.873152928409E-03
 -0.975004665519      0.825096103484E-02 -0.408452300576E-02
 -0.472030167696E-02 -0.769582586665E-04  0.348394558124E-06
 -0.240196581734E-05 -0.134062835921E-05 -0.513322550252E-03
 -0.513484234469E-03 -0.513421674137E-03 -0.719258665305E-03
 -0.719543748270E-03 -0.719439754123E-03 -0.391467816531E-03
 -0.391267684642E-03 -0.391341242545E-03
  
 -0.293517566706E-02 -0.346261721174      0.924925671705E-03
 -0.345488434417E-01 -0.192601932335E-01   1.40639256595    
 -0.131005071702E-01 -0.139700368410E-01 -0.589981581491E-03
 -0.306452890719E-02  0.380143831741E-01 -0.245668588190E-01
 -0.116115617484E-01  0.523970090107E-02 -0.221796348672E-02
 -0.493338970201E-03  0.167623513080E-02 -0.252266996521E-03
  0.524116962269      0.614673028657E-02 -0.130153611879E-01
 -0.129256495838E-01 -0.212021024423E-01  0.592998872952E-02
 -0.282023945294E-01  0.432775550881E-02 -0.571979345909E-02
  0.499209173375E-02  0.113192167279E-01 -0.405972009533E-02
 -0.289815628748E-02  0.346070609071E-02 -0.762557379357E-08
 -0.295694684242E-07 -0.145026407676E-06  0.128513204091E-06
  0.296849691519E-07  0.600550847250E-08 -0.327029948485E-07
  0.245994305970E-07 -0.943122725961E-08  0.306983669663E-07
  0.314377196680E-07  0.306938421507E-07 -0.625749410564E-07
 -0.630879477966E-07 -0.625718031856E-07 -0.314629554871E-07
 -0.312883483492E-07 -0.314640243600E-07
  
  0.218412952377E-06 -0.873961060022E-05  0.518670858136E-05
 -0.947745032417E-05 -0.138069255663E-04 -0.167777850736E-04
 -0.211341791134E-06 -0.311138775588E-05 -0.209381293443E-05
 -0.157773428719E-05 -0.206862387388E-05 -0.637317275713E-06
  0.238177743256E-05  0.217309850889E-05  0.176019990648E-05
  0.875191014544E-06  0.803908995038E-06  0.185206641979E-05
  0.725578210386E-05  0.206393542530E-06  0.767117305472E-05
  0.761674723554E-05  0.133947779529E-05  0.835357288382E-06
 -0.103331539721E-07 -0.879236975225E-07 -0.228887215989E-05
 -0.109019225466E-05  0.591849271190E-06  0.206062229713E-06
 -0.446103341117E-07  0.535750695695E-06  0.642480231969E-05
  0.127114261204E-03  0.149789235294E-03 -0.870676990922E-04
 -0.724272570854E-04  -1.59923042347     -0.345482768231E-02
  0.127576224625E-02 -0.138947652975E-01 -0.501756559554E-05
 -0.652151534735E-04 -0.525439694293E-05  0.493912960982E-04
  0.723243711183E-04  0.495549112389E-04  0.440566987760E-04
  0.253599596551E-04  0.439718848349E-04
  
  0.921894336306E-03 -0.274329328275      0.645523894763E-01
 -0.148875547327     -0.274009839014     -0.480840951639    
 -0.841811330013E-02 -0.509125346719E-01 -0.415517975090E-01
 -0.186644488000E-01 -0.355590149401E-01 -0.613615623090E-02
  0.339508026643E-01  0.285989965449E-01  0.222161158706E-01
  0.133410905912E-01  0.106009899195E-01  0.281157847833E-01
  0.217103960840      0.440692768379E-02  0.128435945236    
  0.175892544382      0.314934990826E-01  0.192492731738E-01
  0.116512417426E-01  0.414168158433E-02 -0.347819468770E-01
 -0.140541245094E-01  0.118605080324E-01  0.736479433141E-02
  0.234680460755E-02  0.792443831349E-02 -0.392207706754E-06
 -0.174322417447E-05 -0.820251653521E-05  0.685891196638E-05
  0.201463149209E-05  0.611890208956E-04 -0.161081238752E-05
  0.138075566167E-05 -0.991587977069E-07  0.162365501135E-05
  0.165723211860E-05  0.162346409747E-05 -0.342752977118E-05
 -0.345026870088E-05 -0.342739625186E-05 -0.184826168118E-05
 -0.183947259667E-05 -0.184831026574E-05
     2    28
   1.00000000000      0.983984001183    
  
   1.32140081490     -0.996715191357E-02 -0.293309595706E-01
 -0.509871420840E-02  0.120906634526      0.118350731711E-01
 -0.322548585087E-03  0.929546020589     -0.160403024276E-02
 -0.360945466105E-01 -0.279955414416E-01 -0.232986257002E-01
 -0.298629033418E-01 -0.151350515092E-01 -0.268273768207E-01
 -0.372254600985E-02 -0.571465708538E-02 -0.925803090725E-03
  0.522020689659E-02 -0.373792399755E-02  0.122245796866E-01
 -0.586472973119E-09  0.170049152267E-08 -0.124416316188E-08
  0.456770338528E-09 -0.909998793652E-10  0.628382716319E-10
 -0.207882923887E-10
  
  0.221884188660E-06  0.594213270365E-08  0.233515054534E-06
  0.108319945758E-06  0.644087569072E-07 -0.314923998685E-08
  0.105606043168E-06 -0.100428231342E-06 -0.480182500494E-07
 -0.361191830960E-06 -0.271544051394E-06 -0.254943287298E-07
 -0.153094314315E-07  0.393847402292E-07  0.239828277294E-07
  0.138496477604E-06  0.122632617917E-06 -0.473104764201E-07
 -0.412006142945E-07 -0.272617908811E-07 -0.594885090132E-07
  -1.59922419552     -0.345587396356E-02  0.127693812743E-02
 -0.138956896454E-01 -0.605779896024E-04  0.231960295144E-04
 -0.188327761241E-04
     2    19
   1.00000000000      0.983975161893    
  
   1.59090496303     -0.108569049641E-02 -0.233837180698E-02
  0.480653392007E-02  0.616178969742E-01  0.104205446168E-01
  0.355286106274E-02  0.242389997221E-01  0.314107452713E-01
  0.102077718445E-01 -0.188976161167E-01 -0.133739726051E-01
  0.282475720688E-13  0.916585202336E-10 -0.699449294801E-10
  0.275420657961E-10 -0.117306058280E-12  0.815640579829E-13
 -0.272568570650E-13
  
  0.629345167268E-09 -0.129394071439E-09  0.757194472094E-10
 -0.120694287144E-09 -0.153342922165E-09  0.151013053898E-09
 -0.900609946868E-10  0.929656004832E-10 -0.109178690617E-09
  0.157402599008E-09 -0.350613192586E-10 -0.520669180600E-12
  -1.59922816908     -0.345520503934E-02  0.127618608007E-02
 -0.138951011608E-01 -0.610521089646E-04  0.235234771534E-04
 -0.190024794577E-04
     0    11

