  IT          TRACE                ETOT                 EKIN+ENONLOC          CHARGE              EDFT+SIC              LOWEST
   1        -95.067047829       -174.503900589        176.118547440         18.999999254       -174.503900589       -174.503900589
   2        -94.923159669       -158.313605439        166.063176987         18.999996404       -158.313605439       -174.503900589
   3        -94.591529868       -174.947068154        174.885982077         18.999999618       -174.947068154       -174.947068154
   4        -94.306368765       -174.580696848        175.481247568         18.999999469       -174.580696848       -174.947068154
   5        -94.111754176       -174.939452733        174.192601258         18.999999605       -174.939452733       -174.947068154
   6        -94.009781722       -174.946023703        174.056655052         18.999999601       -174.946023703       -174.947068154
   7        -93.953371444       -174.952954307        173.986169194         18.999999599       -174.952954307       -174.952954307
   8        -93.798833261       -174.960910812        173.851010199         18.999999586       -174.960910812       -174.960910812
   9        -93.777150671       -174.969466032        173.862906310         18.999999582       -174.969466032       -174.969466032
  10        -93.882123088       -174.977900045        174.088538002         18.999999587       -174.977900045       -174.977900045
  11        -93.912763273       -174.569031790        175.131935783         18.999999455       -174.569031790       -174.977900045
  12        -93.812904931       -174.975537054        174.049174319         18.999999585       -174.975537054       -174.977900045
  13        -93.799007695       -174.975868585        174.022090257         18.999999583       -174.975868585       -174.977900045
  14        -93.799248162       -174.978128048        174.022907922         18.999999583       -174.978128048       -174.978128048
  15        -93.834398033       -174.557551821        175.071596422         18.999999452       -174.557551821       -174.978128048
  16        -93.759757686       -174.973263020        173.977157656         18.999999582       -174.973263020       -174.978128048
  17        -93.781388193       -174.978633804        174.022926010         18.999999582       -174.978633804       -174.978633804
  18        -93.772598257       -174.979681398        174.013002429         18.999999582       -174.979681398       -174.979681398
  19        -93.772632463       -174.979358701        174.013046591         18.999999582       -174.979358701       -174.979681398
  20        -93.750465934       -174.980197035        173.988624655         18.999999581       -174.980197035       -174.980197035
  21        -93.771795519       -174.555967155        175.007288980         18.999999450       -174.555967155       -174.980197035
  22        -93.718384963       -174.968769922        173.910318199         18.999999580       -174.968769922       -174.980197035
  23        -93.730733725       -174.976840290        173.951972585         18.999999581       -174.976840290       -174.980197035
  24        -93.756160191       -174.981916428        173.995197896         18.999999582       -174.981916428       -174.981916428
  25        -93.812147225       -174.545713457        175.051849279         18.999999450       -174.545713457       -174.981916428
  26        -93.685169263       -174.960994909        173.840414005         18.999999577       -174.960994909       -174.981916428
  27        -93.724983116       -174.974955642        173.937817966         18.999999581       -174.974955642       -174.981916428
  28        -93.757996547       -174.981704707        173.995788957         18.999999582       -174.981704707       -174.981916428
  29        -93.810082301       -174.547522892        175.048925751         18.999999450       -174.547522892       -174.981916428
  30        -93.669648501       -174.955064353        173.798961032         18.999999576       -174.955064353       -174.981916428
  31        -93.730891934       -174.979022483        173.944920639         18.999999581       -174.979022483       -174.981916428
  32        -93.763823558       -175.011430843        173.998327946         18.999999577       -175.011430843       -175.011430843
  33        -93.930785454       -174.476859520        175.245509518         18.999999435       -174.476859520       -175.011430843
  34        -93.761854265       -175.010215693        174.001981885         18.999999579       -175.010215693       -175.011430843
  35        -93.764059035       -175.010314448        174.008372131         18.999999580       -175.010314448       -175.011430843
  36        -93.763873871       -175.010269731        174.008001905         18.999999580       -175.010269731       -175.011430843
  37        -93.813561718       -174.542699520        175.027882932         18.999999449       -174.542699520       -175.011430843
  38        -93.774435861       -175.008375362        174.024145771         18.999999583       -175.008375362       -175.011430843
  39        -93.844621321       -174.532899094        175.032810261         18.999999450       -174.532899094       -175.011430843
  40        -93.795594093       -175.011765446        174.056866865         18.999999582       -175.011765446       -175.011765446
  41        -93.822096764       -174.540575618        175.023506568         18.999999450       -174.540575618       -175.011765446
  42        -93.791196053       -175.011740790        174.055010287         18.999999582       -175.011740790       -175.011765446
  43        -93.799861049       -175.013161189        174.067656470         18.999999582       -175.013161189       -175.013161189
  44        -93.802230274       -175.016972928        174.089731328         18.999999580       -175.016972928       -175.016972928
  45        -93.796034104       -175.011277282        174.059190649         18.999999582       -175.011277282       -175.016972928
  46        -93.788844995       -175.013525289        174.055350886         18.999999582       -175.013525289       -175.016972928
  47        -93.828704791       -174.529342708        175.058667750         18.999999445       -174.529342708       -175.016972928
  48        -93.790037649       -175.014263636        174.056124426         18.999999581       -175.014263636       -175.016972928
  49        -93.791538943       -175.015097140        174.058167386         18.999999581       -175.015097140       -175.016972928
  50        -93.794447446       -174.643984118        174.920790319         18.999999461       -174.643984118       -175.016972928
  51        -93.786330520       -175.013741118        174.051247097         18.999999582       -175.013741118       -175.016972928
  52        -93.786995003       -175.014343131        174.051819603         18.999999582       -175.014343131       -175.016972928
  53        -93.787905416       -175.014671083        174.051444811         18.999999581       -175.014671083       -175.016972928
  54        -93.788012684       -175.014692861        174.051575871         18.999999581       -175.014692861       -175.016972928
  55        -93.791040597       -175.014889053        174.055354660         18.999999581       -175.014889053       -175.016972928
  56        -93.793699835       -175.025454427        174.259412165         18.999999554       -175.025454427       -175.025454427
  57        -93.805085221       -174.547697890        175.014621042         18.999999450       -174.547697890       -175.025454427
  58        -93.792345207       -175.026351175        174.139896618         18.999999570       -175.026351175       -175.026351175
  59        -93.791354524       -175.015121976        174.055147090         18.999999582       -175.015121976       -175.026351175
  60        -93.795179013       -174.551095350        175.000931060         18.999999450       -174.551095350       -175.026351175
  61        -93.790998918       -175.014972659        174.053937378         18.999999582       -175.014972659       -175.026351175
  62        -93.838756742       -174.527104019        175.064672026         18.999999446       -174.527104019       -175.026351175
  63        -93.796383667       -174.548714929        175.004292827         18.999999449       -174.548714929       -175.026351175
  64        -93.789366529       -175.014330308        174.052589410         18.999999582       -175.014330308       -175.026351175
  65        -93.790498088       -175.014681818        174.053028430         18.999999582       -175.014681818       -175.026351175
  66        -93.790516391       -175.015151190        174.053558326         18.999999581       -175.015151190       -175.026351175
  67        -93.791023298       -175.015787399        174.057327901         18.999999581       -175.015787399       -175.026351175
  68        -93.791023591       -175.015759126        174.057190123         18.999999581       -175.015759126       -175.026351175
  69        -93.796341512       -174.551211595        175.003555552         18.999999450       -174.551211595       -175.026351175
  70        -93.778108534       -175.014244011        174.033884427         18.999999581       -175.014244011       -175.026351175
  71        -93.783469271       -175.014582641        174.042891548         18.999999581       -175.014582641       -175.026351175
  72        -93.791054594       -175.014915618        174.054944065         18.999999581       -175.014915618       -175.026351175
  73        -93.791080019       -175.014918635        174.054978390         18.999999581       -175.014918635       -175.026351175
  74        -93.795227210       -174.586059301        174.972684244         18.999999454       -174.586059301       -175.026351175
  75        -93.775045785       -175.013484239        174.028739155         18.999999581       -175.013484239       -175.026351175
  76        -93.791443680       -175.014948989        174.055462104         18.999999581       -175.014948989       -175.026351175
  77        -93.837462911       -174.527503256        175.065107507         18.999999446       -174.527503256       -175.026351175
  78        -93.794548103       -174.554710564        174.999201033         18.999999450       -174.554710564       -175.026351175
  79        -93.788834370       -175.014410197        174.052085516         18.999999582       -175.014410197       -175.026351175
  80        -93.789737963       -175.014574018        174.052632758         18.999999581       -175.014574018       -175.026351175
  81        -93.789664448       -175.014939682        174.052591119         18.999999581       -175.014939682       -175.026351175
  82        -93.790111251       -175.014989760        174.053207755         18.999999581       -175.014989760       -175.026351175
  83        -93.790268982       -175.015008033        174.053437234         18.999999582       -175.015008033       -175.026351175
  84        -93.790796535       -175.015056828        174.054208352         18.999999581       -175.015056828       -175.026351175
  85        -93.810925339       -174.545682965        175.020930173         18.999999450       -174.545682965       -175.026351175
  86        -93.753233037       -175.010111409        173.995723809         18.999999582       -175.010111409       -175.026351175
  87        -93.782427089       -175.014032157        174.042572864         18.999999582       -175.014032157       -175.026351175
  88        -93.791896481       -175.015041678        174.056169407         18.999999582       -175.015041678       -175.026351175
  89        -93.800230573       -174.548804272        175.009068562         18.999999450       -174.548804272       -175.026351175
  90        -93.751043342       -175.009672278        173.992964743         18.999999582       -175.009672278       -175.026351175
  91        -93.785599737       -175.014219701        174.047579117         18.999999582       -175.014219701       -175.026351175
  92        -93.826742671       -174.530343438        175.056138377         18.999999446       -174.530343438       -175.026351175
  93        -93.787836897       -175.014809136        174.050050862         18.999999581       -175.014809136       -175.026351175
  94        -93.790639114       -175.015228291        174.053657929         18.999999581       -175.015228291       -175.026351175
  95        -93.791407185       -175.015367158        174.054725155         18.999999581       -175.015367158       -175.026351175
  96        -93.778985244       -175.013751737        174.037255602         18.999999581       -175.013751737       -175.026351175
  97        -93.776864528       -175.013508126        174.034065282         18.999999581       -175.013508126       -175.026351175
  98        -93.772656054       -175.012994006        174.027715554         18.999999581       -175.012994006       -175.026351175
  99        -93.782279325       -175.014205036        174.041927075         18.999999582       -175.014205036       -175.026351175
 100        -93.829896657       -174.538784524        175.039373398         18.999999450       -174.538784524       -175.026351175
  IT          TRACE                ETOT                 EKIN+ENONLOC          CHARGE              EDFT+SIC              LOWEST
 101        -95.949079951       -158.115315120        167.360494672         18.999996327       -158.115315120       -158.115315120
 102       -142.469602080       -125.884756113        201.213975450         18.999999988       -125.884756113       -158.115315120
 103       -121.975175080       -134.104567616        188.152953611         18.999999903       -134.104567616       -158.115315120
 104       -133.828652472       -127.713835527        186.828101911         18.999999839       -127.713835527       -158.115315120
 105       -104.839292005       -155.719839947        174.970868760         18.999998327       -155.719839947       -158.115315120
 106       -103.473663492       -173.519414029        185.078347801         18.999999659       -173.519414029       -173.519414029
 107       -104.031138139       -173.372173941        185.356680390         18.999999645       -173.372173941       -173.519414029
 108       -102.600181558       -174.087751970        183.903177370         18.999999791       -174.087751970       -174.087751970
 109       -101.326802421       -174.225469754        182.508923864         18.999999767       -174.225469754       -174.225469754
 110       -101.113759023       -174.268932013        182.279775810         18.999999761       -174.268932013       -174.268932013
 111        -95.058858567       -164.509322150        166.851073480         18.999997709       -164.509322150       -174.268932013
 112        -96.429722604       -174.950553985        176.584108479         18.999999599       -174.950553985       -174.950553985
 113        -96.354174028       -174.396335163        177.608555140         18.999999468       -174.396335163       -174.950553985
 114        -96.047074284       -174.397108064        177.247710435         18.999999458       -174.397108064       -174.950553985
 115        -95.748486413       -174.463781098        177.068372582         18.999999515       -174.463781098       -174.950553985
 116        -95.384566020       -174.485957898        176.693095120         18.999999511       -174.485957898       -174.950553985
 117        -94.701761013       -174.584765937        176.028149863         18.999999498       -174.584765937       -174.950553985
 118        -94.598509018       -174.973457700        175.014587987         18.999999621       -174.973457700       -174.973457700
 119        -94.491728357       -174.976770832        174.869822629         18.999999617       -174.976770832       -174.976770832
 120        -94.385146956       -174.503852342        175.698550705         18.999999454       -174.503852342       -174.976770832
 121        -94.115520376       -174.975974166        174.403064868         18.999999608       -174.975974166       -174.976770832
 122        -94.241909052       -174.536256307        175.545208579         18.999999456       -174.536256307       -174.976770832
 123        -94.112692689       -174.983295421        174.417080924         18.999999604       -174.983295421       -174.983295421
 124        -94.080496582       -174.561694106        175.355276981         18.999999457       -174.561694106       -174.983295421
 125        -94.095485184       -174.987115739        174.406653565         18.999999601       -174.987115739       -174.987115739
 126        -93.986603139       -175.006621200        174.276647847         18.999999588       -175.006621200       -175.006621200
 127        -93.907975285       -175.003949949        174.175396192         18.999999589       -175.003949949       -175.006621200
 128        -93.897944699       -175.004199822        174.161778955         18.999999588       -175.004199822       -175.006621200
 129        -93.897760346       -175.004215256        174.162061785         18.999999588       -175.004215256       -175.006621200
 130        -93.886029447       -175.005310719        174.158099124         18.999999588       -175.005310719       -175.006621200
 131        -93.764493455       -175.014110790        174.009485353         18.999999580       -175.014110790       -175.014110790
 132        -93.822763536       -174.527747283        175.049930208         18.999999444       -174.527747283       -175.014110790
 133        -93.780663607       -174.549590913        174.989589335         18.999999448       -174.549590913       -175.014110790
 134        -93.769668990       -175.012703353        174.022591154         18.999999582       -175.012703353       -175.014110790
 135        -93.775904354       -175.014121280        174.031183903         18.999999581       -175.014121280       -175.014121280
 136        -93.779614394       -175.014402005        174.037599444         18.999999581       -175.014402005       -175.014402005
 137        -93.788479698       -175.014668821        174.051845228         18.999999581       -175.014668821       -175.014668821
 138        -93.788957055       -175.014668710        174.052485391         18.999999581       -175.014668710       -175.014668821
 139        -93.791997446       -175.014790186        174.057247627         18.999999581       -175.014790186       -175.014790186
  IT          TRACE                ETOT                 EKIN+ENONLOC          CHARGE              EDFT+SIC              LOWEST
   1          0.000000000       -175.014790186        174.057247627         18.999999581       -175.014790186       -175.014790186
   2        -94.124329350       -174.336890673        175.380623192         18.999999423       -174.336890673       -175.014790186
   3        -96.619678877       -157.470031770        168.475948577         18.999998541       -157.470031770       -175.014790186
   4        -95.226456764       -174.777546709        175.825063886         18.999999682       -174.777546709       -175.014790186
   5        -94.594687425       -174.941519657        174.972656580         18.999999644       -174.941519657       -175.014790186
   6        -93.887688284       -174.462445334        174.888602235         18.999999436       -174.462445334       -175.014790186
   7        -93.984675926       -174.993844844        174.103423583         18.999999610       -174.993844844       -175.014790186
   8        -93.863055522       -175.001898906        173.952542950         18.999999601       -175.001898906       -175.014790186
   9        -93.738990733       -175.011122051        173.920164604         18.999999582       -175.011122051       -175.014790186
  10        -93.786322913       -175.011656038        174.032071821         18.999999582       -175.011656038       -175.014790186
  11        -93.794911143       -175.013135832        174.047501567         18.999999583       -175.013135832       -175.014790186
  12        -93.803281127       -174.986851517        174.441750377         18.999999530       -174.986851517       -175.014790186
  13        -93.802663690       -175.012748296        174.058415090         18.999999584       -175.012748296       -175.014790186
  14        -93.795411367       -175.015198160        174.059337671         18.999999582       -175.015198160       -175.015198160
  15        -93.803321777       -174.970880290        174.483079045         18.999999525       -174.970880290       -175.015198160
  16        -93.795351513       -175.013698665        174.054186580         18.999999583       -175.013698665       -175.015198160
  17        -93.796801664       -175.023544641        174.112839911         18.999999575       -175.023544641       -175.023544641
  18        -93.802331574       -175.010732448        174.356768752         18.999999542       -175.010732448       -175.023544641
  19        -93.797943882       -175.014646576        174.059661576         18.999999583       -175.014646576       -175.023544641
  20        -93.799364512       -174.981278301        174.451498663         18.999999529       -174.981278301       -175.023544641
  21        -93.791789333       -175.014504277        174.053584664         18.999999583       -175.014504277       -175.023544641
  22        -93.795636423       -175.026860528        174.145510934         18.999999571       -175.026860528       -175.026860528
  23        -93.799090716       -175.028642367        174.198953947         18.999999564       -175.028642367       -175.028642367
  24        -93.799111412       -175.028205958        174.173098252         18.999999568       -175.028205958       -175.028642367
  25        -93.799114131       -175.023734408        174.278839218         18.999999553       -175.023734408       -175.028642367
  26        -93.796985453       -175.022093418        174.101550074         18.999999577       -175.022093418       -175.028642367
  27        -93.798154095       -174.989564035        174.426583476         18.999999532       -174.989564035       -175.028642367
  28        -93.790817083       -175.015828597        174.058966850         18.999999582       -175.015828597       -175.028642367
  29        -93.794826584       -175.028464990        174.209385991         18.999999562       -175.028464990       -175.028642367
  30        -93.796702082       -175.024222609        174.117957233         18.999999575       -175.024222609       -175.028642367
  31        -93.797301228       -175.018338475        174.313801117         18.999999548       -175.018338475       -175.028642367
  32        -93.794963424       -175.020446122        174.088586884         18.999999579       -175.020446122       -175.028642367
  33        -93.829243570       -174.532008321        175.049926513         18.999999447       -174.532008321       -175.028642367
  34        -93.795216501       -175.021973859        174.287629828         18.999999551       -175.021973859       -175.028642367
  35        -93.794921396       -175.020862298        174.091499081         18.999999579       -175.020862298       -175.028642367
  36        -93.795046456       -175.028374834        174.212124063         18.999999562       -175.028374834       -175.028642367
  37        -93.795191779       -175.028574229        174.183631087         18.999999566       -175.028574229       -175.028642367
  38        -93.795366997       -175.028583032        174.202971426         18.999999563       -175.028583032       -175.028642367
  39        -93.795419621       -175.028645298        174.192761473         18.999999564       -175.028645298       -175.028645298
  40        -93.795475011       -175.028638195        174.197367778         18.999999564       -175.028638195       -175.028645298
  41        -93.795496183       -175.028646196        174.194617457         18.999999564       -175.028646196       -175.028646196
  42        -93.795514538       -175.028642856        174.196443106         18.999999564       -175.028642856       -175.028646196
  43        -93.795492317       -175.028646175        174.194794001         18.999999564       -175.028646175       -175.028646196
  44        -93.795463810       -175.028645610        174.195227348         18.999999564       -175.028645610       -175.028646196
  45        -93.795456741       -175.028645845        174.195040050         18.999999564       -175.028645845       -175.028646196
  IT          TRACE                ETOT                 EKIN+ENONLOC          CHARGE              EDFT+SIC              LOWEST
   1          0.000000000       -175.028645845        174.195040050         18.999999564       -175.028645845       -175.028645845
   2        -93.795258712       -175.028009092        174.164794350         18.999999568       -175.028009092       -175.028645845
   3        -93.864201986       -174.512756639        175.096689263         18.999999444       -174.512756639       -175.028645845
   4        -93.701774095       -174.974973583        173.894676988         18.999999594       -174.974973583       -175.028645845
   5        -93.721016543       -174.997776948        173.939286790         18.999999587       -174.997776948       -175.028645845
   6        -93.755040556       -175.011711666        173.994756066         18.999999582       -175.011711666       -175.028645845
   7        -93.772554569       -175.013134551        174.024472489         18.999999582       -175.013134551       -175.028645845
   8        -93.788698179       -175.014683511        174.050778232         18.999999582       -175.014683511       -175.028645845
   9        -93.821829973       -174.541812168        175.033147820         18.999999449       -174.541812168       -175.028645845
  10        -93.739290995       -175.008133957        173.969184008         18.999999581       -175.008133957       -175.028645845
  11        -93.774550596       -175.012559085        174.030096484         18.999999581       -175.012559085       -175.028645845
  12        -93.782411586       -175.014013050        174.041957822         18.999999581       -175.014013050       -175.028645845
  13        -93.837652654       -174.535565881        175.047996022         18.999999449       -174.535565881       -175.028645845
  14        -93.688651430       -174.994446699        173.864211382         18.999999580       -174.994446699       -175.028645845
  15        -93.773111000       -175.010567399        174.029418984         18.999999581       -175.010567399       -175.028645845
  16        -93.784129956       -175.014452282        174.044414602         18.999999581       -175.014452282       -175.028645845
  17        -93.828282871       -174.538308672        175.036896403         18.999999449       -174.538308672       -175.028645845
  18        -93.683367860       -174.989736243        173.845498585         18.999999579       -174.989736243       -175.028645845
  19        -93.768590553       -175.009552830        174.021374552         18.999999581       -175.009552830       -175.028645845
  20        -93.784348820       -175.014678384        174.044600054         18.999999581       -175.014678384       -175.028645845
  21        -93.813577234       -174.543903540        175.020175141         18.999999449       -174.543903540       -175.028645845
  22        -93.686387488       -174.988545829        173.848010494         18.999999579       -174.988545829       -175.028645845
  23        -93.764699074       -175.009103902        174.014174943         18.999999581       -175.009103902       -175.028645845
  24        -93.781140520       -175.014123435        174.039048558         18.999999581       -175.014123435       -175.028645845
  25        -93.799341123       -174.610602971        174.950376119         18.999999457       -174.610602971       -175.028645845
  26        -93.677349114       -174.983061729        173.818778623         18.999999579       -174.983061729       -175.028645845
  27        -93.761729085       -175.007863481        174.007949909         18.999999581       -175.007863481       -175.028645845
  28        -93.778560462       -175.013589821        174.034734535         18.999999581       -175.013589821       -175.028645845
  29        -93.790832139       -174.937339364        174.539682442         18.999999513       -174.937339364       -175.028645845
  30        -93.676325007       -174.981810457        173.812828514         18.999999579       -174.981810457       -175.028645845
  31        -93.768219778       -175.009345191        174.018443429         18.999999581       -175.009345191       -175.028645845
  32        -93.787498238       -175.016448144        174.055423367         18.999999580       -175.016448144       -175.028645845
  33        -93.831228004       -174.529450611        175.056061891         18.999999446       -174.529450611       -175.028645845
  34        -93.790613939       -175.026745044        174.237571674         18.999999555       -175.026745044       -175.028645845
  35        -93.792034801       -175.023143328        174.103803932         18.999999575       -175.023143328       -175.028645845
  36        -93.793462710       -175.022142239        174.285201574         18.999999550       -175.022142239       -175.028645845
  37        -93.793980593       -175.027263475        174.149568055         18.999999569       -175.027263475       -175.028645845
  38        -93.794672586       -175.027077246        174.239411703         18.999999557       -175.027077246       -175.028645845
  39        -93.794944958       -175.028645432        174.193673054         18.999999563       -175.028645432       -175.028645845
  40        -93.795236410       -175.028335600        174.214694016         18.999999560       -175.028335600       -175.028645845
  41        -93.795390245       -175.028629021        174.199236034         18.999999563       -175.028629021       -175.028645845
  42        -93.795517773       -175.028609828        174.201510457         18.999999563       -175.028609828       -175.028645845
  43        -93.795582615       -175.028639269        174.191350854         18.999999564       -175.028639269       -175.028645845
  44        -93.795519902       -175.028646364        174.194343486         18.999999564       -175.028646364       -175.028646364
  45        -93.795475356       -175.028646363        174.194340334         18.999999564       -175.028646363       -175.028646364
  46        -93.795429455       -175.028645550        174.195164547         18.999999564       -175.028645550       -175.028646364
  IT          TRACE                ETOT                 EKIN+ENONLOC          CHARGE              EDFT+SIC              LOWEST
   1        -95.459958946       -174.956763197        178.519612498         19.999999233       -174.956763197       -174.956763197
   2        -85.333201362       -159.965749854        157.232929290         20.000013805       -159.965749854       -174.956763197
   3        -89.700219457       -174.952736542        174.566489321         19.999999592       -174.952736542       -174.956763197
   4        -89.526878927       -175.086073746        174.593913524         19.999999591       -175.086073746       -175.086073746
   5        -89.112274695       -175.165913512        174.194228766         19.999999591       -175.165913512       -175.165913512
   6        -89.488719743       -175.141533979        174.370327461         19.999999609       -175.141533979       -175.165913512
   7        -88.805690512       -173.587404563        169.675337845         20.000000017       -173.587404563       -175.165913512
   8        -89.039810138       -173.635106905        170.135063149         19.999999990       -173.635106905       -175.165913512
   9        -89.960978332       -175.119247895        176.015577446         19.999999599       -175.119247895       -175.165913512
  10        -89.440620750       -175.151240826        175.147490976         19.999999587       -175.151240826       -175.165913512
  11        -89.316924128       -175.156953356        175.040077536         19.999999581       -175.156953356       -175.165913512
  12        -89.224179159       -175.161007707        174.903511378         19.999999578       -175.161007707       -175.165913512
  13        -89.136350102       -175.164604093        174.777213213         19.999999574       -175.164604093       -175.165913512
  14        -88.997019686       -175.168713064        174.548287274         19.999999568       -175.168713064       -175.168713064
  15        -88.949690612       -174.176219895        170.736980960         19.999999975       -174.176219895       -175.168713064
  16        -89.752572255       -175.130999131        175.644094832         19.999999596       -175.130999131       -175.168713064
  17        -89.279876689       -175.159506016        174.983474275         19.999999579       -175.159506016       -175.168713064
  18        -89.159326289       -175.164323828        174.786334316         19.999999575       -175.164323828       -175.168713064
  19        -89.100742610       -175.166304089        174.707762967         19.999999572       -175.166304089       -175.168713064
  20        -88.992206620       -175.169192783        174.526103418         19.999999568       -175.169192783       -175.169192783
  21        -88.943740921       -173.625686876        169.861654951         20.000000054       -173.625686876       -175.169192783
  22        -90.744721977       -175.047212338        176.515995469         19.999999636       -175.047212338       -175.169192783
  23        -89.900341575       -175.122271739        175.904120157         19.999999597       -175.122271739       -175.169192783
  24        -89.296793910       -175.159390513        174.980081700         19.999999580       -175.159390513       -175.169192783
  25        -89.110541383       -175.166232856        174.712645744         19.999999572       -175.166232856       -175.169192783
  26        -88.981711835       -175.170546607        174.450907559         19.999999573       -175.170546607       -175.170546607
  27        -88.947279598       -173.725173531        169.996632818         20.000000067       -173.725173531       -175.170546607
  28        -90.943382473       -175.029898399        176.716687770         19.999999641       -175.029898399       -175.170546607
  29        -89.796046436       -175.130679885        175.717911035         19.999999595       -175.130679885       -175.170546607
  30        -89.218923396       -175.162780327        174.867383859         19.999999576       -175.162780327       -175.170546607
  31        -89.054286844       -175.167808669        174.622565066         19.999999569       -175.167808669       -175.170546607
  32        -88.959073009       -175.169837241        174.423874061         19.999999568       -175.169837241       -175.170546607
  33        -88.865576460       -173.596637211        169.706265021         20.000000069       -173.596637211       -175.170546607
  34        -89.040776027       -175.168076798        174.602505239         19.999999568       -175.168076798       -175.170546607
  35        -89.031769795       -175.168241951        174.590463245         19.999999568       -175.168241951       -175.170546607
  36        -89.010375515       -175.168558525        174.571710456         19.999999567       -175.168558525       -175.170546607
  37        -89.007159322       -175.168629640        174.567137795         19.999999567       -175.168629640       -175.170546607
  38        -88.973065733       -175.171652269        174.337495732         19.999999585       -175.171652269       -175.171652269
  39        -88.992316690       -175.169254123        174.530921130         19.999999568       -175.169254123       -175.171652269
  40        -88.963833432       -175.146836013        173.750640927         19.999999651       -175.146836013       -175.171652269
  41        -89.033750773       -175.168088115        174.605105165         19.999999568       -175.168088115       -175.171652269
  42        -88.988242203       -175.169777802        174.504803576         19.999999569       -175.169777802       -175.171652269
  43        -88.969531464       -175.164978986        174.028655332         19.999999621       -175.164978986       -175.171652269
  44        -89.005412815       -175.168778648        174.557878810         19.999999567       -175.168778648       -175.171652269
  45        -88.974985969       -175.170962359        174.234478635         19.999999598       -175.170962359       -175.171652269
  46        -88.985035165       -175.170790256        174.448730274         19.999999576       -175.170790256       -175.171652269
  47        -88.944776936       -174.961137728        172.629758151         19.999999790       -174.961137728       -175.171652269
  48        -88.983624537       -175.171351680        174.401674746         19.999999582       -175.171351680       -175.171652269
  49        -88.983387221       -175.171655056        174.344408780         19.999999590       -175.171655056       -175.171655056
  50        -88.981921512       -175.171296666        174.405684303         19.999999581       -175.171296666       -175.171655056
  51        -88.982249070       -175.171332858        174.402295577         19.999999581       -175.171332858       -175.171655056
  52        -88.993266883       -175.171546681        174.302783803         19.999999602       -175.171546681       -175.171655056
  53        -89.001129276       -175.171639218        174.333370141         19.999999602       -175.171639218       -175.171655056
  54        -89.006069533       -175.171643534        174.360037101         19.999999600       -175.171643534       -175.171655056
  55        -89.008547813       -175.171628835        174.333184244         19.999999607       -175.171628835       -175.171655056
  56        -89.010520424       -175.171598424        174.324784105         19.999999610       -175.171598424       -175.171655056
  57        -89.010923314       -175.171603739        174.326589913         19.999999610       -175.171603739       -175.171655056
  58        -89.011633370       -175.171616653        174.330447706         19.999999610       -175.171616653       -175.171655056
  59        -89.011827222       -175.171612155        174.328833262         19.999999610       -175.171612155       -175.171655056
  60        -89.011946085       -175.171614049        174.329475348         19.999999610       -175.171614049       -175.171655056
  61        -89.011911758       -175.171614722        174.329652225         19.999999610       -175.171614722       -175.171655056
  62        -89.011913151       -175.171614007        174.329415519         19.999999610       -175.171614007       -175.171655056
  IT          TRACE                ETOT                 EKIN+ENONLOC          CHARGE              EDFT+SIC              LOWEST
   1          0.000000000       -175.171614007        174.329415519         19.999999610       -175.171614007       -175.171614007
   2        -89.013127715       -175.168731207        174.556295944         19.999999568       -175.168731207       -175.171614007
   3        -88.653151418       -173.477571185        169.272386393         19.999999932       -173.477571185       -175.171614007
   4        -90.163788099       -175.077952856        176.635423544         19.999999586       -175.077952856       -175.171614007
   5        -89.682278166       -175.130222265        175.770667411         19.999999583       -175.130222265       -175.171614007
   6        -89.146106140       -175.164789206        174.740987837         19.999999576       -175.164789206       -175.171614007
   7        -89.168480111       -175.163869238        174.811256179         19.999999575       -175.163869238       -175.171614007
   8        -89.041748729       -175.167818031        174.616797405         19.999999569       -175.167818031       -175.171614007
   9        -89.005132168       -175.168629206        174.563647869         19.999999567       -175.168629206       -175.171614007
  10        -88.953393014       -175.169518818        174.483137352         19.999999565       -175.169518818       -175.171614007
  11        -88.925224638       -173.611267569        169.842108309         20.000000001       -173.611267569       -175.171614007
  12        -90.425877933       -175.076146293        176.153504020         19.999999627       -175.076146293       -175.171614007
  13        -89.719377146       -175.134873622        175.547184007         19.999999597       -175.134873622       -175.171614007
  14        -89.444951611       -175.151670948        175.227919879         19.999999585       -175.151670948       -175.171614007
  15        -89.173592997       -175.164068156        174.838042294         19.999999574       -175.164068156       -175.171614007
  16        -88.989111890       -175.168994323        174.544394190         19.999999566       -175.168994323       -175.171614007
  17        -88.931444380       -173.603578597        169.852380792         20.000000012       -173.603578597       -175.171614007
  18        -90.423210201       -175.077855915        176.227890912         19.999999625       -175.077855915       -175.171614007
  19        -89.471609551       -175.150311583        175.262366592         19.999999586       -175.150311583       -175.171614007
  20        -89.145035209       -175.165020761        174.791188770         19.999999573       -175.165020761       -175.171614007
  21        -88.991172233       -175.168938616        174.544858213         19.999999566       -175.168938616       -175.171614007
  22        -88.945836507       -173.582699097        169.880070644         20.000000034       -173.582699097       -175.171614007
  23        -90.467274448       -175.074346075        176.290212467         19.999999625       -175.074346075       -175.171614007
  24        -89.465131275       -175.150679684        175.254945569         19.999999585       -175.150679684       -175.171614007
  25        -89.085929864       -175.166802307        174.699018612         19.999999570       -175.166802307       -175.171614007
  26        -88.945624569       -173.601472124        169.877731713         20.000000040       -173.601472124       -175.171614007
  27        -90.232040057       -175.094922842        176.082808363         19.999999616       -175.094922842       -175.171614007
  28        -89.414205493       -175.153259240        175.178130869         19.999999584       -175.153259240       -175.171614007
  29        -89.119948034       -175.165736635        174.747693676         19.999999572       -175.165736635       -175.171614007
  30        -89.005754354       -175.168627729        174.566906722         19.999999567       -175.168627729       -175.171614007
  31        -88.960341057       -175.169408875        174.493598052         19.999999565       -175.169408875       -175.171614007
  32        -88.944942479       -173.586422067        169.879669341         20.000000047       -173.586422067       -175.171614007
  33        -90.421436651       -175.047404549        177.018234935         19.999999590       -175.047404549       -175.171614007
  34        -89.885552584       -175.112226078        176.094876929         19.999999587       -175.112226078       -175.171614007
  35        -89.188510979       -175.163361281        174.790717451         19.999999578       -175.163361281       -175.171614007
  36        -89.233473958       -175.161295760        174.912332072         19.999999577       -175.161295760       -175.171614007
  37        -89.069780847       -175.167062935        174.661092810         19.999999571       -175.167062935       -175.171614007
  38        -89.018397214       -175.168321214        174.585822327         19.999999568       -175.168321214       -175.171614007
  39        -88.970515601       -175.169244676        174.513159620         19.999999566       -175.169244676       -175.171614007
  40        -88.931153674       -173.604581549        169.857053620         20.000000014       -173.604581549       -175.171614007
  41        -89.362890531       -175.155182830        175.082322669         19.999999583       -175.155182830       -175.171614007
  42        -89.048252111       -175.167661512        174.638166324         19.999999569       -175.167661512       -175.171614007
  43        -88.978079008       -175.169132998        174.528226453         19.999999566       -175.169132998       -175.171614007
  44        -88.946861643       -173.608351199        169.884137704         20.000000056       -173.608351199       -175.171614007
  45        -90.722827120       -175.049518575        176.389721458         19.999999639       -175.049518575       -175.171614007
  46        -89.687760192       -175.137588507        175.527115542         19.999999595       -175.137588507       -175.171614007
  47        -89.485570620       -175.149586955        175.291986007         19.999999586       -175.149586955       -175.171614007
  48        -89.198146916       -175.163886228        174.762312511         19.999999580       -175.163886228       -175.171614007
  49        -88.725178586       -175.168026969        173.866574586         19.999999566       -175.168026969       -175.171614007
  50        -89.066174953       -173.643711822        170.119146733         19.999999965       -173.643711822       -175.171614007
  51        -89.256640187       -175.160950318        174.944516324         19.999999579       -175.160950318       -175.171614007
  52        -89.142226261       -175.165082724        174.781954640         19.999999573       -175.165082724       -175.171614007
  53        -88.999143949       -175.168737659        174.557820863         19.999999567       -175.168737659       -175.171614007
  54        -88.983493974       -175.169009272        174.535725504         19.999999566       -175.169009272       -175.171614007
  55        -88.951755055       -175.169611658        174.481258836         19.999999565       -175.169611658       -175.171614007
  56        -88.946464351       -173.624253007        169.883580713         20.000000058       -173.624253007       -175.171614007
  57        -88.965999196       -175.169211558        174.506797341         19.999999566       -175.169211558       -175.171614007
  58        -89.053802158       -175.167462649        174.646417514         19.999999569       -175.167462649       -175.171614007
  59        -89.038840242       -175.167841064        174.621596336         19.999999569       -175.167841064       -175.171614007
  60        -89.008501558       -175.168539512        174.572959339         19.999999567       -175.168539512       -175.171614007
  61        -88.970830020       -175.169253950        174.511268706         19.999999565       -175.169253950       -175.171614007
  62        -88.950016877       -173.590029499        169.884924920         20.000000060       -173.590029499       -175.171614007
  63        -90.428838265       -175.046840983        177.024868827         19.999999590       -175.046840983       -175.171614007
  64        -89.891863614       -175.111843877        176.100955449         19.999999587       -175.111843877       -175.171614007
  65        -89.192533086       -175.163264055        174.794518995         19.999999578       -175.163264055       -175.171614007
  66        -89.238216136       -175.161146136        174.918257115         19.999999577       -175.161146136       -175.171614007
  67        -89.075046215       -175.166941968        174.668399921         19.999999571       -175.166941968       -175.171614007
  68        -89.022701832       -175.168241879        174.591926511         19.999999568       -175.168241879       -175.171614007
  69        -88.974304037       -175.169190854        174.518729864         19.999999566       -175.169190854       -175.171614007
  70        -88.932731779       -173.605921127        169.859536639         20.000000018       -173.605921127       -175.171614007
  71        -89.339716986       -175.156431732        175.051963633         19.999999582       -175.156431732       -175.171614007
  72        -89.038957135       -175.167896456        174.622974992         19.999999569       -175.167896456       -175.171614007
  73        -88.973620649       -175.169211165        174.520372133         19.999999565       -175.169211165       -175.171614007
  74        -88.946268571       -173.610258575        169.882623305         20.000000055       -173.610258575       -175.171614007
  75        -90.653994944       -175.056093408        176.343661700         19.999999636       -175.056093408       -175.171614007
  76        -89.651283586       -175.139914909        175.481092188         19.999999594       -175.139914909       -175.171614007
  77        -89.443368028       -175.151929256        175.233763750         19.999999585       -175.151929256       -175.171614007
  78        -89.173407272       -175.164685109        174.731505786         19.999999579       -175.164685109       -175.171614007
  79        -88.735389740       -175.168356005        173.899311995         19.999999565       -175.168356005       -175.171614007
  80        -89.044379403       -173.636991491        170.076563812         19.999999964       -173.636991491       -175.171614007
  81        -89.234109094       -175.161875549        174.908460398         19.999999578       -175.161875549       -175.171614007
  82        -89.132858892       -175.165386426        174.766791410         19.999999573       -175.165386426       -175.171614007
  83        -88.996366018       -175.168792682        174.553225113         19.999999567       -175.168792682       -175.171614007
  84        -88.983280325       -175.169016071        174.535091030         19.999999566       -175.169016071       -175.171614007
  85        -88.953658409       -175.169485983        174.488104385         19.999999565       -175.169485983       -175.171614007
  86        -88.947485144       -173.628551359        169.890958901         20.000000056       -173.628551359       -175.171614007
  87        -88.946455737       -174.805846688        172.176939832         19.999999817       -174.805846688       -175.171614007
  88        -89.685271295       -175.137418095        175.474968224         19.999999596       -175.137418095       -175.171614007
  89        -89.431854409       -175.152116736        175.189840360         19.999999585       -175.152116736       -175.171614007
  90        -89.146059707       -175.164770878        174.778822205         19.999999574       -175.164770878       -175.171614007
  91        -89.036667687       -175.167889827        174.610827334         19.999999569       -175.167889827       -175.171614007
  92        -88.999665684       -175.168695779        174.555062347         19.999999567       -175.168695779       -175.171614007
  IT          TRACE                ETOT                 EKIN+ENONLOC          CHARGE              EDFT+SIC              LOWEST
   1          0.000000000       -175.164770878        174.778822205         19.999999574       -175.164770878       -175.164770878
   2        -88.458613090       -168.322675646        164.815764214         19.999997233       -168.322675646       -175.164770878
   3       -123.304065946       -130.640146950        190.511731872         19.999999870       -130.640146950       -175.164770878
   4       -108.233498188       -163.099765373        186.329406940         19.999999535       -163.099765373       -175.164770878
   5       -100.883803747       -173.751958341        187.528883798         19.999999787       -173.751958341       -175.164770878
   6       -105.948715915       -172.690088890        192.591739133         19.999999877       -172.690088890       -175.164770878
   7        -88.091757982       -175.045257645        170.887899249         19.999999503       -175.045257645       -175.164770878
   8        -92.928994101       -174.913581842        178.860276774         19.999999659       -174.913581842       -175.164770878
   9        -89.940977667       -174.649143016        172.546005514         19.999999614       -174.649143016       -175.164770878
  10        -93.104671153       -174.899947982        179.726203712         19.999999640       -174.899947982       -175.164770878
  11        -91.250806997       -175.039295236        177.707920832         19.999999610       -175.039295236       -175.164770878
  12        -88.749259797       -175.167589681        174.129082930         19.999999563       -175.167589681       -175.167589681
  13        -88.788467050       -175.168408776        174.175169383         19.999999564       -175.168408776       -175.168408776
  14        -88.847781276       -175.168996845        174.305633179         19.999999564       -175.168996845       -175.168996845
  15        -88.875103707       -175.169308405        174.352349621         19.999999565       -175.169308405       -175.169308405
  16        -88.899141385       -175.115856055        173.374339452         19.999999693       -175.115856055       -175.169308405
  17        -89.097260826       -175.166726729        174.716813219         19.999999570       -175.166726729       -175.169308405
  18        -88.924525553       -175.170708584        174.364157873         19.999999574       -175.170708584       -175.170708584
  19        -88.909093892       -174.651264784        171.645592304         19.999999925       -174.651264784       -175.170708584
  20        -89.832929981       -175.138580063        175.764031303         19.999999588       -175.138580063       -175.170708584
  21        -88.917056211       -175.168506298        174.415823957         19.999999567       -175.168506298       -175.170708584
  22        -88.979924657       -175.168438489        174.523063738         19.999999568       -175.168438489       -175.170708584
  23        -88.988903681       -175.168937083        174.530763269         19.999999568       -175.168937083       -175.170708584
  24        -88.986669137       -175.170829891        174.447248569         19.999999577       -175.170829891       -175.170829891
  25        -88.960918995       -175.170344198        174.174097009         19.999999606       -175.170344198       -175.170829891
  26        -88.963409201       -175.170173505        174.446863913         19.999999572       -175.170173505       -175.170829891
  27        -88.973422130       -175.171221557        174.244806871         19.999999600       -175.171221557       -175.171221557
  28        -88.964508389       -175.171563280        174.271299065         19.999999595       -175.171563280       -175.171563280
  29        -88.966645347       -175.169526833        174.141081574         19.999999614       -175.169526833       -175.171563280
  30        -88.979612904       -175.171162091        174.406881820         19.999999581       -175.171162091       -175.171563280
  31        -88.975217258       -175.167479162        174.083035105         19.999999625       -175.167479162       -175.171563280
  32        -88.990068684       -175.170586413        174.456492182         19.999999577       -175.170586413       -175.171563280
  33        -88.946383899       -174.883710647        172.333913731         19.999999866       -174.883710647       -175.171563280
  34        -88.992105894       -175.170857541        174.443675670         19.999999579       -175.170857541       -175.171563280
  35        -88.992898933       -175.171161703        174.422741809         19.999999583       -175.171161703       -175.171563280
  36        -88.994372002       -175.171481986        174.291781665         19.999999605       -175.171481986       -175.171563280
  37        -88.994971908       -175.171325763        174.273828573         19.999999608       -175.171325763       -175.171563280
  38        -88.996477945       -175.171197606        174.262986443         19.999999611       -175.171197606       -175.171563280
  39        -89.004814248       -175.171348162        174.283893201         19.999999613       -175.171348162       -175.171563280
  40        -89.008200924       -175.171599147        174.324185766         19.999999608       -175.171599147       -175.171599147
  41        -89.009277532       -175.171614669        174.328753253         19.999999608       -175.171614669       -175.171614669
  42        -89.011648103       -175.171584802        174.321522214         19.999999611       -175.171584802       -175.171614669
  43        -89.012401791       -175.171584946        174.321986326         19.999999611       -175.171584946       -175.171614669
  44        -89.012092553       -175.171618026        174.330958396         19.999999609       -175.171618026       -175.171618026
  IT          TRACE                ETOT                 EKIN+ENONLOC          CHARGE              EDFT+SIC              LOWEST
   1          0.000000000       -175.171618026        174.330958396         19.999999609       -175.171618026       -175.171618026
   2        -89.009126804       -175.171278524        174.274884780         19.999999619       -175.171278524       -175.171618026
   3        -89.127329261       -175.165599792        174.782325091         19.999999570       -175.165599792       -175.171618026
   4        -88.995600358       -175.171646764        174.304726206         19.999999606       -175.171646764       -175.171646764
   5        -88.999210600       -175.171511944        174.282695680         19.999999612       -175.171511944       -175.171646764
   6        -89.017432062       -175.170729613        174.469155445         19.999999585       -175.170729613       -175.171646764
   7        -89.007238887       -175.170371771        174.213511606         19.999999629       -175.170371771       -175.171646764
   8        -89.014894665       -175.171189401        174.433649669         19.999999591       -175.171189401       -175.171646764
   9        -89.009232434       -175.171409545        174.290859155         19.999999615       -175.171409545       -175.171646764
  10        -89.011787088       -175.171638308        174.362133262         19.999999603       -175.171638308       -175.171646764
  11        -89.010537653       -175.171593118        174.322189203         19.999999611       -175.171593118       -175.171646764
  12        -89.011255665       -175.171637596        174.338892560         19.999999608       -175.171637596       -175.171646764
  13        -89.011094948       -175.171618334        174.330226592         19.999999610       -175.171618334       -175.171646764
  14        -89.011555724       -175.171629421        174.335162832         19.999999609       -175.171629421       -175.171646764
  15        -89.011620227       -175.171612654        174.328910855         19.999999610       -175.171612654       -175.171646764
  16        -89.011782433       -175.171610056        174.328186544         19.999999611       -175.171610056       -175.171646764
  17        -89.011933655       -175.171613095        174.329203455         19.999999611       -175.171613095       -175.171646764
  18        -89.011974560       -175.171615334        174.329948334         19.999999611       -175.171615334       -175.171646764
  19        -89.011988075       -175.171614540        174.329679858         19.999999611       -175.171614540       -175.171646764
  20        -89.011990856       -175.171614594        174.329697851         19.999999611       -175.171614594       -175.171646764
