   1          TOTAL NUMBER OF ATOM TYPES                                        
   9   9      ELECTRONIC AND NUCLEAR CHARGE                                     
ALL           ALL-ELECTRON ATOM TYPE                                            
   1          NUMBER OF ATOMS OF TYPE FLU                                       
 0.000000 0.000000 0.000000 UPO                                                 
 0                                                                              
  14          NUMBER OF BARE GAUSSIANS                                          
   5   4   3  NUMBER OF S,P,D FUNCTIONS                                         
   0   0   1  SUPPLEMENTARY S,P,D FUNCTIONS                                     
       0.1231742220D+06       0.1865493160D+05       0.4284660370D+04           
       0.1223150920D+04       0.4016733760D+03       0.1457852270D+03           
       0.5694551760D+02       0.2349311190D+02       0.1003418550D+02           
       0.4343769680D+01       0.1868203030D+01       0.7806879100D+00           
       0.3149846100D+00       0.1181861600D+00                                  
                                                                                
       0.2355763350D+00       0.4376225000D+00       0.7524712120D+00           
       0.1216638020D+01       0.1845316540D+01       0.2551384850D+01           
       0.3004077050D+01       0.2682876730D+01       0.1405497250D+01           
       0.2609771830D+00       0.2555561480D-02       0.7546130340D-03           
      -0.1646029690D-03       0.2082887950D-04                                  
                                                                                
      -0.5583942250D-01      -0.1035858050D+00      -0.1788144750D+00           
      -0.2894265580D+00      -0.4466115800D+00      -0.6343658820D+00           
      -0.8145208580D+00      -0.8538368980D+00      -0.6447789780D+00           
      -0.1142431720D+00       0.3167190590D+00       0.3041863400D+00           
       0.1005780670D+00       0.4817488440D-02                                  
                                                                                
       0.0000000000D+00       0.0000000000D+00       0.0000000000D+00           
       0.0000000000D+00       0.0000000000D+00       0.0000000000D+00           
       0.0000000000D+00       0.0000000000D+00       0.0000000000D+00           
       0.0000000000D+00       0.0000000000D+00       0.1000000000D+01           
       0.0000000000D+00       0.0000000000D+00                                  
                                                                                
       0.0000000000D+00       0.0000000000D+00       0.0000000000D+00           
       0.0000000000D+00       0.0000000000D+00       0.0000000000D+00           
       0.0000000000D+00       0.0000000000D+00       0.0000000000D+00           
       0.0000000000D+00       0.0000000000D+00       0.0000000000D+00           
       0.1000000000D+01       0.0000000000D+00                                  
                                                                                
       0.0000000000D+00       0.0000000000D+00       0.0000000000D+00           
       0.0000000000D+00       0.0000000000D+00       0.0000000000D+00           
       0.0000000000D+00       0.0000000000D+00       0.0000000000D+00           
       0.0000000000D+00       0.0000000000D+00       0.0000000000D+00           
       0.0000000000D+00       0.1000000000D+01                                  
                                                                                
       0.4900854750D-01       0.9059901630D-01       0.1569389330D+00           
       0.2549422150D+00       0.3969983700D+00       0.5817501900D+00           
       0.7854593500D+00       0.9713952850D+00       0.1017485400D+01           
       0.8881348760D+00       0.5325776020D+00       0.2097448310D+00           
       0.5358788830D-01       0.5596492130D-02                                  
                                                                                
       0.0000000000D+00       0.0000000000D+00       0.0000000000D+00           
       0.0000000000D+00       0.0000000000D+00       0.0000000000D+00           
       0.0000000000D+00       0.0000000000D+00       0.0000000000D+00           
       0.0000000000D+00       0.0000000000D+00       0.1000000000D+01           
       0.0000000000D+00       0.0000000000D+00                                  
                                                                                
       0.0000000000D+00       0.0000000000D+00       0.0000000000D+00           
       0.0000000000D+00       0.0000000000D+00       0.0000000000D+00           
       0.0000000000D+00       0.0000000000D+00       0.0000000000D+00           
       0.0000000000D+00       0.0000000000D+00       0.0000000000D+00           
       0.1000000000D+01       0.0000000000D+00                                  
                                                                                
       0.0000000000D+00       0.0000000000D+00       0.0000000000D+00           
       0.0000000000D+00       0.0000000000D+00       0.0000000000D+00           
       0.0000000000D+00       0.0000000000D+00       0.0000000000D+00           
       0.0000000000D+00       0.0000000000D+00       0.0000000000D+00           
       0.0000000000D+00       0.1000000000D+01                                  
                                                                                
       0.0000000000D+00       0.0000000000D+00       0.0000000000D+00           
       0.0000000000D+00       0.0000000000D+00       0.0000000000D+00           
       0.0000000000D+00       0.0000000000D+00       0.0000000000D+00           
       0.0000000000D+00       0.1000000000D+01       0.0000000000D+00           
       0.0000000000D+00       0.0000000000D+00                                  
                                                                                
       0.0000000000D+00       0.0000000000D+00       0.0000000000D+00           
       0.0000000000D+00       0.0000000000D+00       0.0000000000D+00           
       0.0000000000D+00       0.0000000000D+00       0.0000000000D+00           
       0.0000000000D+00       0.0000000000D+00       0.1000000000D+01           
       0.0000000000D+00       0.0000000000D+00                                  
                                                                                
       0.0000000000D+00       0.0000000000D+00       0.0000000000D+00           
       0.0000000000D+00       0.0000000000D+00       0.0000000000D+00           
       0.0000000000D+00       0.0000000000D+00       0.0000000000D+00           
       0.0000000000D+00       0.0000000000D+00       0.0000000000D+00           
       0.1000000000D+01       0.0000000000D+00                                  
                                                                                
       0.0000000000D+00       0.0000000000D+00       0.0000000000D+00           
       0.0000000000D+00       0.0000000000D+00       0.0000000000D+00           
       0.0000000000D+00       0.0000000000D+00       0.0000000000D+00           
       0.0000000000D+00       0.0000000000D+00       0.0000000000D+00           
       0.0000000000D+00       0.1000000000D+01                                  
                                                                                
 5.000000 4.000000                                                              
WFOUT                                                                           
     2     SPIN
    10     NUMBER OF OCCUPIED ORBITALS, EVALUES:
  -24.2006417468      -1.11372962277     -0.441838575297    
 -0.441838559166     -0.441838555591      -24.1696707890    
  -1.05397753243     -0.383820678519     -0.383820676538    
 -0.383820676099    
     1     NUMBER OF REPRESENTATIONS
     5    35
   1.00000000000       1.00000000000       1.00000000000    
   1.00000000000       1.00000000000    
  
  0.998696197760     -0.268159570580E-02  0.239045604535E-02
  0.464760166566E-03 -0.209344874439E-04  0.231394522580E-15
  0.110390747444E-15 -0.232736681633E-16 -0.172096542854E-15
 -0.892998267210E-16 -0.110536810630E-16  0.262857959220E-16
  0.968492160624E-17  0.880492335048E-17 -0.607566436544E-17
 -0.219981384999E-17 -0.942513839504E-18 -0.256921935424E-02
 -0.256921998150E-02 -0.256922017103E-02 -0.495924863997E-09
 -0.178994712733E-09 -0.785603652952E-10 -0.671678776218E-03
 -0.671678677786E-03 -0.671678648044E-03  0.778227593499E-10
  0.280886569895E-10  0.123280558248E-10  0.153662792717E-04
  0.153662715674E-04  0.153662692395E-04 -0.609119483339E-11
 -0.219850192389E-11 -0.964918557473E-12
  
 -0.103403001312E-02  -1.00902305559      0.222774813037E-02
 -0.202590558271E-03  0.620968081102E-04  0.763253717568E-15
  0.224400352510E-14  0.131832143404E-14 -0.404416986748E-15
  0.681003885003E-15 -0.630489212066E-16  0.219878085846E-15
 -0.251530227787E-16 -0.630766258718E-16 -0.522975644743E-16
 -0.259247322584E-17 -0.122018487799E-16  0.171030351157E-03
  0.171042203495E-03  0.171045784686E-03  0.937074105403E-08
  0.338219103142E-08  0.148443486370E-08  0.153476457030E-02
  0.153476627114E-02  0.153476678505E-02  0.134472330960E-08
  0.485352258248E-09  0.213019483347E-09  0.572128047908E-03
  0.572128244066E-03  0.572128303335E-03  0.155085523743E-09
  0.559751277992E-10  0.245673125995E-10
  
 -0.159664658025E-13 -0.498362334836E-13 -0.351277447689E-13
  0.612545438239E-13  0.389139132958E-14  -1.65484986398    
  0.563039169172      0.138654630005      0.683528473962E-03
 -0.232560857910E-03 -0.572706864329E-04  0.277152061930E-02
 -0.942970538175E-03 -0.232216936644E-03  0.951709939089E-03
 -0.323805793541E-03 -0.797407621975E-04  0.214522998972E-13
  0.147816528778E-13  0.168832516081E-13  0.194349567341E-14
  0.145853433869E-14  0.143144572969E-14 -0.333215774820E-13
 -0.318856008842E-13 -0.321089540817E-13  0.348452416460E-15
 -0.271720269195E-15 -0.685055112800E-15 -0.867799390150E-14
 -0.890320151204E-14 -0.879451537305E-14  0.106024811087E-15
  0.201572560591E-16  0.960506997375E-16
  
 -0.948146768658E-14 -0.309660464197E-13  0.998118477242E-14
  0.847282100920E-14 -0.227625926026E-15 -0.454784161312    
  -1.52036810595      0.745934612606      0.187846891301E-03
  0.627982341135E-03 -0.308105492695E-03  0.761666149623E-03
  0.254629122950E-02 -0.124928085142E-02  0.261547827907E-03
  0.874368567679E-03 -0.428989385042E-03  0.157886127721E-14
  0.480441183745E-14 -0.179383847246E-15  0.110642774392E-15
  0.818932663410E-15  0.957776427680E-15 -0.557735365484E-14
 -0.616214950142E-14 -0.549833239616E-14  0.215508684157E-15
 -0.521109275779E-15 -0.225159615676E-16 -0.359871159386E-15
 -0.287896400206E-15 -0.291475276009E-15  0.167464559638E-16
 -0.116621570288E-16 -0.156239991572E-15
  
  0.144955628638E-14  0.461280167619E-14 -0.268858547044E-13
  0.209408236146E-13  0.277304736168E-14  0.359735424717    
  0.668007466720       1.58086137904     -0.148587418042E-03
 -0.275918071703E-03 -0.652969083533E-03 -0.602479796631E-03
 -0.111876944845E-02 -0.264760425776E-02 -0.206884971828E-03
 -0.384173190734E-03 -0.909158340815E-03  0.519650769454E-14
  0.695273304485E-14  0.764135181167E-14 -0.325854926058E-14
  0.929136480856E-15 -0.169291065317E-14 -0.934167862026E-14
 -0.967899045538E-14 -0.102769662371E-13  0.573178966371E-15
 -0.118724611282E-15 -0.323306788649E-15 -0.420185098409E-14
 -0.411437162895E-14 -0.408345303886E-14 -0.121692709680E-15
  0.251213020537E-16 -0.980933563766E-16
     5    35
   1.00000000000       1.00000000000      0.666669926295    
  0.666665524697      0.666664548925    
  
  -1.00081249751     -0.100656172418E-02  0.162554961466E-02
  0.286056375498E-03  0.389794369435E-04  0.991706642471E-15
  0.112908525264E-15  0.931618939510E-16 -0.596053656805E-15
 -0.832590634978E-16 -0.224505221146E-16  0.428921063197E-16
  0.978187319965E-17 -0.939204403755E-17 -0.161870944498E-16
 -0.226386364930E-17  0.354942549030E-18 -0.327178359458E-02
 -0.327178362944E-02 -0.327178363997E-02 -0.275585339398E-10
 -0.994702991503E-11 -0.436575185145E-11 -0.430302296011E-03
 -0.430302288537E-03 -0.430302286279E-03  0.590907144499E-11
  0.213282295923E-11  0.936097563210E-12 -0.427340127688E-04
 -0.427340133876E-04 -0.427340135746E-04 -0.489303100148E-12
 -0.176609313859E-12 -0.775140739650E-13
  
  0.955917952612E-03 -0.989748635579      0.132245968137E-02
 -0.248692272659E-02 -0.688123877647E-03  0.125274362443E-14
  0.230198787623E-14  0.191231029043E-14  0.251919011830E-14
  0.378802253607E-15  0.173873777970E-15 -0.478286181283E-16
 -0.158620620439E-15 -0.715015016566E-16  0.410925569886E-16
  0.170756510416E-16 -0.684053470668E-17 -0.325310704620E-03
 -0.325309286405E-03 -0.325308857892E-03  0.112127771126E-08
  0.404700571595E-09  0.177620728494E-09 -0.973351434257E-03
 -0.973350801485E-03 -0.973350610292E-03  0.500282845877E-09
  0.180567267987E-09  0.792510727131E-10  0.308763693695E-04
  0.308763783043E-04  0.308763810040E-04  0.706380707717E-11
  0.254951610141E-11  0.111893972405E-11
  
  0.584222123933E-14  0.173522965325E-13  0.107981653536E-12
 -0.106047057346E-12 -0.117954408489E-13  -1.60831907588    
  0.547205773311      0.134754364807     -0.107523165777E-02
  0.365830996854E-03  0.900891876739E-04 -0.332744773314E-02
  0.113211279856E-02  0.278793003473E-03 -0.127993561530E-02
  0.435478362882E-03  0.107240480710E-03 -0.309037338429E-13
 -0.319582450614E-13 -0.317473418443E-13  0.132159110171E-14
 -0.809092843656E-15 -0.101992087051E-14  0.534512106826E-13
  0.520649451005E-13  0.523373144273E-13 -0.765595907342E-15
  0.372486414033E-15  0.298977134016E-16  0.194856579748E-13
  0.192122808792E-13  0.192695852659E-13  0.503236545142E-16
 -0.282867882480E-16 -0.906316340164E-18
  
  0.348621736350E-14  0.922226682236E-14  0.210233679466E-13
 -0.253546758219E-13 -0.215670441924E-14 -0.441995215107    
  -1.47761786917      0.724961250758     -0.295492767998E-03
 -0.987850952427E-03  0.484667705346E-03 -0.914442910482E-03
 -0.305704029972E-02  0.149987070781E-02 -0.351749506799E-03
 -0.117592077687E-02  0.576940097283E-03 -0.684404511828E-14
 -0.598359081158E-14 -0.751563985002E-14  0.202555986461E-14
  0.279574008705E-16  0.272249161623E-14  0.132402147069E-13
  0.128099368550E-13  0.128993636814E-13  0.161673057471E-14
 -0.545591691682E-15 -0.501027196426E-15  0.410306574657E-14
  0.423176400843E-14  0.412776876933E-14  0.106863610756E-15
 -0.117691014840E-15  0.324172461618E-16
  
 -0.895003003984E-15 -0.511291956204E-14  0.261329381222E-14
 -0.106499279386E-14  0.511529249996E-16 -0.349618545936    
 -0.649226021150      -1.53640997120     -0.233734936051E-03
 -0.434035334519E-03 -0.102715571170E-02 -0.723325026571E-03
 -0.134318226095E-02 -0.317867514800E-02 -0.278234125754E-03
 -0.516668341857E-03 -0.122270883540E-02 -0.663474405099E-16
  0.995255538891E-15  0.341279179939E-17  0.148280398533E-14
  0.387637728535E-14  0.250815222340E-15  0.486974247037E-15
  0.397876625091E-15  0.650134143169E-15  0.155989022629E-15
  0.591859955727E-15  0.700922026314E-15  0.204116922036E-15
  0.143427709663E-15  0.100176142584E-15  0.200238180574E-15
  0.306232794195E-15 -0.204153743377E-17
