   1          TOTAL NUMBER OF ATOM TYPES                                        
   9   9      ELECTRONIC AND NUCLEAR CHARGE                                     
ALL           ALL-ELECTRON ATOM TYPE                                            
   1          NUMBER OF ATOMS OF TYPE FLU                                       
 0.000000 0.000000 0.000000 UPO                                                 
 0                                                                              
  14          NUMBER OF BARE GAUSSIANS                                          
   5   4   3  NUMBER OF S,P,D FUNCTIONS                                         
   0   0   1  SUPPLEMENTARY S,P,D FUNCTIONS                                     
       0.1231742220D+06       0.1865493160D+05       0.4284660370D+04           
       0.1223150920D+04       0.4016733760D+03       0.1457852270D+03           
       0.5694551760D+02       0.2349311190D+02       0.1003418550D+02           
       0.4343769680D+01       0.1868203030D+01       0.7806879100D+00           
       0.3149846100D+00       0.1181861600D+00                                  
                                                                                
       0.2355763350D+00       0.4376225000D+00       0.7524712120D+00           
       0.1216638020D+01       0.1845316540D+01       0.2551384850D+01           
       0.3004077050D+01       0.2682876730D+01       0.1405497250D+01           
       0.2609771830D+00       0.2555561480D-02       0.7546130340D-03           
      -0.1646029690D-03       0.2082887950D-04                                  
                                                                                
      -0.5583942250D-01      -0.1035858050D+00      -0.1788144750D+00           
      -0.2894265580D+00      -0.4466115800D+00      -0.6343658820D+00           
      -0.8145208580D+00      -0.8538368980D+00      -0.6447789780D+00           
      -0.1142431720D+00       0.3167190590D+00       0.3041863400D+00           
       0.1005780670D+00       0.4817488440D-02                                  
                                                                                
       0.0000000000D+00       0.0000000000D+00       0.0000000000D+00           
       0.0000000000D+00       0.0000000000D+00       0.0000000000D+00           
       0.0000000000D+00       0.0000000000D+00       0.0000000000D+00           
       0.0000000000D+00       0.0000000000D+00       0.1000000000D+01           
       0.0000000000D+00       0.0000000000D+00                                  
                                                                                
       0.0000000000D+00       0.0000000000D+00       0.0000000000D+00           
       0.0000000000D+00       0.0000000000D+00       0.0000000000D+00           
       0.0000000000D+00       0.0000000000D+00       0.0000000000D+00           
       0.0000000000D+00       0.0000000000D+00       0.0000000000D+00           
       0.1000000000D+01       0.0000000000D+00                                  
                                                                                
       0.0000000000D+00       0.0000000000D+00       0.0000000000D+00           
       0.0000000000D+00       0.0000000000D+00       0.0000000000D+00           
       0.0000000000D+00       0.0000000000D+00       0.0000000000D+00           
       0.0000000000D+00       0.0000000000D+00       0.0000000000D+00           
       0.0000000000D+00       0.1000000000D+01                                  
                                                                                
       0.4900854750D-01       0.9059901630D-01       0.1569389330D+00           
       0.2549422150D+00       0.3969983700D+00       0.5817501900D+00           
       0.7854593500D+00       0.9713952850D+00       0.1017485400D+01           
       0.8881348760D+00       0.5325776020D+00       0.2097448310D+00           
       0.5358788830D-01       0.5596492130D-02                                  
                                                                                
       0.0000000000D+00       0.0000000000D+00       0.0000000000D+00           
       0.0000000000D+00       0.0000000000D+00       0.0000000000D+00           
       0.0000000000D+00       0.0000000000D+00       0.0000000000D+00           
       0.0000000000D+00       0.0000000000D+00       0.1000000000D+01           
       0.0000000000D+00       0.0000000000D+00                                  
                                                                                
       0.0000000000D+00       0.0000000000D+00       0.0000000000D+00           
       0.0000000000D+00       0.0000000000D+00       0.0000000000D+00           
       0.0000000000D+00       0.0000000000D+00       0.0000000000D+00           
       0.0000000000D+00       0.0000000000D+00       0.0000000000D+00           
       0.1000000000D+01       0.0000000000D+00                                  
                                                                                
       0.0000000000D+00       0.0000000000D+00       0.0000000000D+00           
       0.0000000000D+00       0.0000000000D+00       0.0000000000D+00           
       0.0000000000D+00       0.0000000000D+00       0.0000000000D+00           
       0.0000000000D+00       0.0000000000D+00       0.0000000000D+00           
       0.0000000000D+00       0.1000000000D+01                                  
                                                                                
       0.0000000000D+00       0.0000000000D+00       0.0000000000D+00           
       0.0000000000D+00       0.0000000000D+00       0.0000000000D+00           
       0.0000000000D+00       0.0000000000D+00       0.0000000000D+00           
       0.0000000000D+00       0.1000000000D+01       0.0000000000D+00           
       0.0000000000D+00       0.0000000000D+00                                  
                                                                                
       0.0000000000D+00       0.0000000000D+00       0.0000000000D+00           
       0.0000000000D+00       0.0000000000D+00       0.0000000000D+00           
       0.0000000000D+00       0.0000000000D+00       0.0000000000D+00           
       0.0000000000D+00       0.0000000000D+00       0.1000000000D+01           
       0.0000000000D+00       0.0000000000D+00                                  
                                                                                
       0.0000000000D+00       0.0000000000D+00       0.0000000000D+00           
       0.0000000000D+00       0.0000000000D+00       0.0000000000D+00           
       0.0000000000D+00       0.0000000000D+00       0.0000000000D+00           
       0.0000000000D+00       0.0000000000D+00       0.0000000000D+00           
       0.1000000000D+01       0.0000000000D+00                                  
                                                                                
       0.0000000000D+00       0.0000000000D+00       0.0000000000D+00           
       0.0000000000D+00       0.0000000000D+00       0.0000000000D+00           
       0.0000000000D+00       0.0000000000D+00       0.0000000000D+00           
       0.0000000000D+00       0.0000000000D+00       0.0000000000D+00           
       0.0000000000D+00       0.1000000000D+01                                  
                                                                                
 5.000000 3.000000                                                              
WFOUT                                                                           
     2     SPIN
    10     NUMBER OF OCCUPIED ORBITALS, EVALUES:
  -24.9669293222      -1.78240746856      -1.10321689155    
  -1.10321683379      -1.10321613391      -24.8969012463    
  -1.64482319143     -0.962671124841     -0.962671055883    
 -0.962671050192    
     1     NUMBER OF REPRESENTATIONS
     5    35
   1.00000000000       1.00000000000       1.00000000000    
   1.00000000000       1.00000000000    
  
 -0.996923655766      0.690576746403E-02 -0.527757838052E-02
 -0.132893370693E-02 -0.803883093114E-05  0.104472345319E-14
  0.285032304191E-15 -0.134187569753E-15 -0.633735881888E-15
 -0.120598622547E-15  0.909408251010E-16  0.501224960828E-16
 -0.676542458445E-17 -0.769435692348E-17 -0.178063452899E-16
 -0.220279681094E-17  0.221327252877E-17  0.561297941708E-02
  0.561295167713E-02  0.561294652102E-02 -0.176612506534E-07
 -0.187974053936E-08 -0.236230342381E-09  0.150566325249E-02
  0.150566760876E-02  0.150566841848E-02  0.277351768882E-08
  0.295193903262E-09  0.370975388442E-10  0.276401144174E-04
  0.276397742805E-04  0.276397110581E-04 -0.216555712039E-09
 -0.230486810534E-10 -0.289656801805E-11
  
 -0.466815787257E-02  -1.06568333362     -0.753035272321E-02
  0.105692466060E-01  0.289026918759E-02 -0.184223667043E-14
 -0.444051786022E-15 -0.156184211135E-14  0.129305512371E-14
  0.629712207237E-15  0.142272797846E-15 -0.836567883961E-16
 -0.139661427788E-15  0.173309068254E-16 -0.221445753639E-16
  0.603354455897E-17 -0.417423762108E-17  0.509927657402E-02
  0.509873340154E-02  0.509863244032E-02 -0.345822752316E-06
 -0.368069675222E-07 -0.462560114380E-08  0.101103720820E-01
  0.101103120568E-01  0.101103008997E-01 -0.382163579127E-07
 -0.406748400488E-08 -0.511167432250E-09  0.270200345990E-02
  0.270199819786E-02  0.270199721978E-02 -0.335019582477E-08
 -0.356571062463E-09 -0.448117850238E-10
  
  0.820796431584E-14  0.237863028508E-13 -0.657854404729E-14
 -0.900043323429E-14 -0.334763427050E-15  0.120219798577    
  0.246000811019       1.90598278278     -0.105293462023E-03
 -0.215457664707E-03 -0.166933839626E-02 -0.200941174213E-02
 -0.411177629716E-02 -0.318575162274E-01 -0.545426683932E-03
 -0.111608410750E-02 -0.864727674766E-02 -0.134169200163E-14
 -0.821190179522E-15 -0.784005333871E-15  0.169364767210E-15
 -0.746763042519E-15  0.125483166773E-14  0.583534206765E-14
  0.609676689135E-14  0.592624812364E-14 -0.376644933440E-15
  0.179049346176E-15 -0.261985083159E-15  0.866857704073E-15
  0.816965287480E-15  0.887695676219E-15  0.140465155213E-15
  0.271021238665E-15  0.237603273557E-15
  
  0.233189147734E-14  0.789351034005E-14 -0.132671968640E-13
  0.709812107799E-14  0.138790415641E-14 -0.526393011642    
  -1.83245860808      0.269713436147      0.461037323624E-03
  0.160494496248E-02 -0.236226465769E-03  0.879838547317E-02
  0.306285927833E-01 -0.450811983829E-02  0.238819883057E-02
  0.831370365506E-02 -0.122366615542E-02  0.398610667355E-14
  0.316010394262E-14  0.234901556069E-14  0.509122615682E-15
 -0.318823506506E-15  0.171974097724E-14 -0.352513708025E-14
 -0.261088509985E-14 -0.310309327091E-14  0.455393942698E-15
  0.540803373400E-16 -0.977160074035E-15 -0.197939700870E-14
 -0.214637766276E-14 -0.188419070288E-14 -0.329731929119E-15
  0.462549028820E-17  0.618278895156E-16
  
  0.706751914088E-14  0.231087236221E-13  0.632410227943E-13
 -0.708323762976E-13 -0.455691612214E-14   1.84829549416    
 -0.537883323963     -0.471578121806E-01 -0.161884091866E-02
  0.471108400708E-03  0.413034583683E-04 -0.308932382248E-01
  0.899042264443E-02  0.788216781600E-03 -0.838554982233E-02
  0.244032808928E-02  0.213950737207E-03 -0.286167433050E-13
 -0.235608514069E-13 -0.232891761046E-13 -0.146225437778E-16
  0.108471999948E-15  0.142240494049E-14  0.368256070748E-13
  0.357524789206E-13  0.354753677888E-13  0.336956454548E-15
  0.171722184750E-15 -0.574808371683E-15  0.109332630460E-13
  0.107732885271E-13  0.108511628678E-13  0.353298291470E-16
  0.978264389574E-16  0.327715848455E-16
     5    35
   1.00000000000       1.00000000000      0.333439713375    
  0.333286466787      0.333273820071    
  
   1.00173092886      0.143799997242E-02 -0.387387654204E-02
 -0.359654217882E-03 -0.321935536746E-04 -0.710146638102E-15
 -0.191603785610E-15  0.369304518496E-16  0.342570184612E-15
  0.128778824501E-15 -0.163824330289E-16  0.687311688581E-17
 -0.103988883310E-16 -0.817122292909E-18  0.621098053679E-17
  0.311278321556E-17 -0.279342552444E-18  0.774715655933E-02
  0.774714888484E-02  0.774714745834E-02 -0.488612955642E-08
 -0.520048515734E-09 -0.653609958951E-10  0.993737485319E-03
  0.993738778482E-03  0.993739018850E-03  0.823321072340E-09
  0.876290269909E-10  0.110133875415E-10  0.327233302616E-04
  0.327232277973E-04  0.327232087517E-04 -0.652361563670E-10
 -0.694331893856E-11 -0.872649414839E-12
  
 -0.195676908090E-03   1.02338746892      0.105165651715E-01
 -0.463624717273E-02 -0.228969264300E-02  0.981564327057E-15
  0.270576804187E-14  0.685350929132E-15 -0.760517732989E-15
 -0.266436397599E-15 -0.615589840255E-15  0.365388307046E-16
 -0.490868030228E-16  0.141344987297E-15 -0.651028341567E-17
 -0.284825474242E-16 -0.215763835002E-16 -0.280698253575E-02
 -0.280702709073E-02 -0.280703537269E-02 -0.283669171239E-07
 -0.301922718192E-08 -0.379528650579E-09 -0.350629159741E-02
 -0.350628035452E-02 -0.350627826481E-02  0.715802980061E-08
  0.761846122307E-09  0.957333387016E-10 -0.167201078627E-02
 -0.167201241948E-02 -0.167201272306E-02 -0.103981932812E-08
 -0.110672987787E-09 -0.139095643356E-10
  
  0.442779790190E-14  0.115960477343E-13 -0.655223096705E-13
  0.504619224656E-13  0.535870039798E-14   1.76474075982    
 -0.513567654305     -0.450260493230E-01  0.616052892000E-02
 -0.179281198619E-02 -0.157181318256E-03 -0.148828180680E-01
  0.433113697980E-02  0.379724045394E-03 -0.668697432642E-02
  0.194601598003E-02  0.170613181662E-03  0.224087834270E-13
  0.198302740133E-13  0.191906188510E-13 -0.935250745464E-15
 -0.665141077239E-15  0.421314556477E-15 -0.249637449199E-13
 -0.236858090712E-13 -0.237756890305E-13  0.182890302302E-15
  0.148583069949E-15  0.324717454989E-17 -0.921248008946E-14
 -0.940849994243E-14 -0.939960515987E-14  0.845411799297E-16
  0.157316816935E-16 -0.387768350013E-16
  
  0.460174267461E-14  0.138084902560E-13 -0.204129632695E-13
  0.100361853445E-13  0.158190067253E-14  0.502596658354    
   1.74961943585     -0.257520724630      0.175452978238E-02
  0.610779908104E-02 -0.898986838517E-03 -0.423861134543E-02
 -0.147552847153E-01  0.217178177960E-02 -0.190444417739E-02
 -0.662967509208E-02  0.975800050452E-03  0.253811158652E-14
  0.378210782501E-15  0.214608395797E-14 -0.140784530493E-15
 -0.280533735164E-15  0.130914836995E-14 -0.474947687911E-14
 -0.393539195025E-14 -0.448506919289E-14 -0.784636318772E-15
  0.147802231889E-15 -0.273974998971E-15 -0.234667531471E-14
 -0.246468154868E-14 -0.241094670095E-14  0.193385747693E-15
 -0.418263690777E-16  0.457598866439E-16
  
 -0.518696842127E-14 -0.166203736196E-13 -0.299880414112E-13
  0.361341552505E-13  0.328816652849E-14 -0.114785179476    
 -0.234880033401      -1.81981982164     -0.400707342841E-03
 -0.819950402137E-03 -0.635286862388E-02  0.968032182849E-03
  0.198084310604E-02  0.153473136721E-01  0.434945118289E-03
  0.890009706631E-03  0.689567896482E-02  0.115497340149E-13
  0.976677139299E-14  0.119266932141E-13 -0.105369155157E-14
  0.377350368373E-15 -0.898560291033E-15 -0.183987007806E-13
 -0.181656390571E-13 -0.183944901084E-13  0.398652916488E-15
  0.548801098797E-15  0.264282546111E-16 -0.601347561778E-14
 -0.596563736159E-14 -0.597670851006E-14 -0.109458570264E-15
 -0.217258514675E-15  0.178500669002E-16
