  IT          TRACE                ETOT                 EKIN+ENONLOC          CHARGE              EDFT+SIC              LOWEST
   1        -52.213139305        -98.332731859         95.295574292          7.999999992        -98.332731859        -98.332731859
   2        -59.910037435        -98.391146012        100.597070637          7.999999994        -98.391146012        -98.391146012
   3        -59.310604330        -98.415512004         99.952770574          7.999999994        -98.415512004        -98.415512004
   4        -57.486212086        -98.447097069         97.920674963          7.999999993        -98.447097069        -98.447097069
   5        -57.608660477        -98.447266097         98.083037272          7.999999993        -98.447266097        -98.447266097
   6        -57.550759143        -98.447278991         98.066088327          7.999999993        -98.447278991        -98.447278991
   7        -57.563718076        -98.447280926         98.079009301          7.999999993        -98.447280926        -98.447280926
   8        -57.561966047        -98.447281079         98.078079137          7.999999993        -98.447281079        -98.447281079
   9        -57.563382165        -98.447281105         98.079582837          7.999999993        -98.447281105        -98.447281105
