     9    0
        -0.0001611600       -0.0000253810        0.1933845570    1   1
         0.3818412320        0.0107902570       -0.0577489090    1   2
        -0.3276879910       -0.0462333160       -0.1198727530    1   3
        -0.0126054900        0.3733381500        0.4560743950    1   4
        -0.0407278830       -0.3368569280        0.4984954340    1   5
         0.0094586000       -1.1761495190       -1.2106618170    1   6
        -0.0075663240        1.1677747660       -1.1554173690    1   7
        -1.3903708600        0.0503729770        1.0691789560    1   8
         1.3826566590        0.0176648490        1.0675293180    1   9
