           5           0
         0.0000000000        0.0000000000        0.0000000000    1   1
         0.0000000000       -0.0000000000        0.0000000000
         0.9000000000        0.9000000000        0.9000000000    1   2
         0.0001479965        0.0001479965        0.0001479965
        -0.9000000000       -0.9000000000        0.9000000000    1   3
        -0.0001479965       -0.0001479965        0.0001479965
        -0.9000000000        0.9000000000       -0.9000000000    1   4
        -0.0001479965        0.0001479965       -0.0001479965
         0.9000000000       -0.9000000000       -0.9000000000    1   5
         0.0001479965       -0.0001479965       -0.0001479965


