   1          TOTAL NUMBER OF ATOM TYPES                                        
   9   9      ELECTRONIC AND NUCLEAR CHARGE                                     
ALL           ALL-ELECTRON ATOM TYPE                                            
   1          NUMBER OF ATOMS OF TYPE FLU                                       
 0.000000 0.000000 0.000000 UPO                                                 
 0                                                                              
  14          NUMBER OF BARE GAUSSIANS                                          
   5   4   3  NUMBER OF S,P,D FUNCTIONS                                         
   0   0   1  SUPPLEMENTARY S,P,D FUNCTIONS                                     
       0.1231742220D+06       0.1865493160D+05       0.4284660370D+04           
       0.1223150920D+04       0.4016733760D+03       0.1457852270D+03           
       0.5694551760D+02       0.2349311190D+02       0.1003418550D+02           
       0.4343769680D+01       0.1868203030D+01       0.7806879100D+00           
       0.3149846100D+00       0.1181861600D+00                                  
                                                                                
       0.2355763350D+00       0.4376225000D+00       0.7524712120D+00           
       0.1216638020D+01       0.1845316540D+01       0.2551384850D+01           
       0.3004077050D+01       0.2682876730D+01       0.1405497250D+01           
       0.2609771830D+00       0.2555561480D-02       0.7546130340D-03           
      -0.1646029690D-03       0.2082887950D-04                                  
                                                                                
      -0.5583942250D-01      -0.1035858050D+00      -0.1788144750D+00           
      -0.2894265580D+00      -0.4466115800D+00      -0.6343658820D+00           
      -0.8145208580D+00      -0.8538368980D+00      -0.6447789780D+00           
      -0.1142431720D+00       0.3167190590D+00       0.3041863400D+00           
       0.1005780670D+00       0.4817488440D-02                                  
                                                                                
       0.0000000000D+00       0.0000000000D+00       0.0000000000D+00           
       0.0000000000D+00       0.0000000000D+00       0.0000000000D+00           
       0.0000000000D+00       0.0000000000D+00       0.0000000000D+00           
       0.0000000000D+00       0.0000000000D+00       0.1000000000D+01           
       0.0000000000D+00       0.0000000000D+00                                  
                                                                                
       0.0000000000D+00       0.0000000000D+00       0.0000000000D+00           
       0.0000000000D+00       0.0000000000D+00       0.0000000000D+00           
       0.0000000000D+00       0.0000000000D+00       0.0000000000D+00           
       0.0000000000D+00       0.0000000000D+00       0.0000000000D+00           
       0.1000000000D+01       0.0000000000D+00                                  
                                                                                
       0.0000000000D+00       0.0000000000D+00       0.0000000000D+00           
       0.0000000000D+00       0.0000000000D+00       0.0000000000D+00           
       0.0000000000D+00       0.0000000000D+00       0.0000000000D+00           
       0.0000000000D+00       0.0000000000D+00       0.0000000000D+00           
       0.0000000000D+00       0.1000000000D+01                                  
                                                                                
       0.4900854750D-01       0.9059901630D-01       0.1569389330D+00           
       0.2549422150D+00       0.3969983700D+00       0.5817501900D+00           
       0.7854593500D+00       0.9713952850D+00       0.1017485400D+01           
       0.8881348760D+00       0.5325776020D+00       0.2097448310D+00           
       0.5358788830D-01       0.5596492130D-02                                  
                                                                                
       0.0000000000D+00       0.0000000000D+00       0.0000000000D+00           
       0.0000000000D+00       0.0000000000D+00       0.0000000000D+00           
       0.0000000000D+00       0.0000000000D+00       0.0000000000D+00           
       0.0000000000D+00       0.0000000000D+00       0.1000000000D+01           
       0.0000000000D+00       0.0000000000D+00                                  
                                                                                
       0.0000000000D+00       0.0000000000D+00       0.0000000000D+00           
       0.0000000000D+00       0.0000000000D+00       0.0000000000D+00           
       0.0000000000D+00       0.0000000000D+00       0.0000000000D+00           
       0.0000000000D+00       0.0000000000D+00       0.0000000000D+00           
       0.1000000000D+01       0.0000000000D+00                                  
                                                                                
       0.0000000000D+00       0.0000000000D+00       0.0000000000D+00           
       0.0000000000D+00       0.0000000000D+00       0.0000000000D+00           
       0.0000000000D+00       0.0000000000D+00       0.0000000000D+00           
       0.0000000000D+00       0.0000000000D+00       0.0000000000D+00           
       0.0000000000D+00       0.1000000000D+01                                  
                                                                                
       0.0000000000D+00       0.0000000000D+00       0.0000000000D+00           
       0.0000000000D+00       0.0000000000D+00       0.0000000000D+00           
       0.0000000000D+00       0.0000000000D+00       0.0000000000D+00           
       0.0000000000D+00       0.1000000000D+01       0.0000000000D+00           
       0.0000000000D+00       0.0000000000D+00                                  
                                                                                
       0.0000000000D+00       0.0000000000D+00       0.0000000000D+00           
       0.0000000000D+00       0.0000000000D+00       0.0000000000D+00           
       0.0000000000D+00       0.0000000000D+00       0.0000000000D+00           
       0.0000000000D+00       0.0000000000D+00       0.1000000000D+01           
       0.0000000000D+00       0.0000000000D+00                                  
                                                                                
       0.0000000000D+00       0.0000000000D+00       0.0000000000D+00           
       0.0000000000D+00       0.0000000000D+00       0.0000000000D+00           
       0.0000000000D+00       0.0000000000D+00       0.0000000000D+00           
       0.0000000000D+00       0.0000000000D+00       0.0000000000D+00           
       0.1000000000D+01       0.0000000000D+00                                  
                                                                                
       0.0000000000D+00       0.0000000000D+00       0.0000000000D+00           
       0.0000000000D+00       0.0000000000D+00       0.0000000000D+00           
       0.0000000000D+00       0.0000000000D+00       0.0000000000D+00           
       0.0000000000D+00       0.0000000000D+00       0.0000000000D+00           
       0.0000000000D+00       0.1000000000D+01                                  
                                                                                
 5.000000 5.000000                                                              
WFOUT                                                                           
     1     SPIN
    35     NUMBER OF OCCUPIED ORBITALS, EVALUES:
  -25.7752028582     -0.945456979459     -0.205059410735    
 -0.205059410718     -0.205059410706      0.344293540833    
  0.480999855488      0.480999855463      0.480999855446    
  0.995119844707       1.05353084022       1.05353084023    
   1.05353084024       1.05378930043       1.05378930043    
   1.48817418334       1.48817418335       1.48817418335    
   2.34414951514       2.83174193361       2.83174193361    
   2.83174193362       2.83190607900       2.83190607900    
   4.66975252034       4.66975252041       4.66975252050    
   4.96367157200       6.82008894807       6.82008894807    
   6.82008904457       6.82008904457       6.82008904461    
   11.8919954608       60.0786107834    
     1     NUMBER OF REPRESENTATIONS
    35    35
   1.00000000000       1.00000000000       1.00000000000    
   1.00000000000       1.00000000000       0.00000000000    
   0.00000000000       0.00000000000       0.00000000000    
   0.00000000000       0.00000000000       0.00000000000    
   0.00000000000       0.00000000000       0.00000000000    
   0.00000000000       0.00000000000       0.00000000000    
   0.00000000000       0.00000000000       0.00000000000    
   0.00000000000       0.00000000000       0.00000000000    
   0.00000000000       0.00000000000       0.00000000000    
   0.00000000000       0.00000000000       0.00000000000    
   0.00000000000       0.00000000000       0.00000000000    
   0.00000000000       0.00000000000    
  
   1.01018372413      0.451035080328E-02 -0.216624688238E-01
 -0.332040034235E-02 -0.674643759747E-04 -0.733638299635E-10
  0.270674611469E-10 -0.662482625604E-11  0.359307370304E-10
 -0.194058998319E-10  0.362510731037E-11 -0.264459367857E-12
  0.170929485292E-11 -0.170762922905E-12  0.862049421134E-12
 -0.477136312559E-12  0.877499297060E-13  0.424853754601E-01
  0.424853754619E-01  0.424853754610E-01 -0.484450936767E-10
 -0.174710909957E-10 -0.291685373202E-11  0.758253424807E-02
  0.758253424766E-02  0.758253424766E-02  0.793244374518E-11
  0.392889713058E-11  0.643231949214E-12  0.242735569332E-03
  0.242735569368E-03  0.242735569373E-03 -0.631353339792E-12
 -0.348519591934E-12 -0.516261180320E-13
  
 -0.405060032074E-02 -0.967381360316      0.270465607935E-02
 -0.446231803477E-02 -0.382793319613E-02 -0.156562698625E-09
  0.113555713656E-09 -0.275739322211E-10  0.220227722000E-10
 -0.498199608599E-10  0.749044978730E-11  0.340799681760E-11
  0.256715193167E-11  0.231610283664E-13  0.123468273870E-11
 -0.159027889755E-11  0.189184748550E-12  0.108806700016E-02
  0.108806700341E-02  0.108806700156E-02 -0.538105155268E-10
 -0.197561844349E-10 -0.639353735095E-11 -0.187226430892E-02
 -0.187226430962E-02 -0.187226430974E-02  0.738340845223E-11
  0.578538237844E-11 -0.120249041539E-11 -0.485810687659E-03
 -0.485810687571E-03 -0.485810687579E-03 -0.836964913694E-12
 -0.433517210897E-12 -0.656433200326E-12
  
  0.338259134122E-10  0.118999047171E-09 -0.139125617120E-10
 -0.553368398564E-10 -0.585992612710E-12 -0.524861663909    
   1.07467401198       1.04020198562     -0.484096848570E-02
  0.991206516465E-02  0.959411853945E-02 -0.261084465810E-02
  0.534580271917E-02  0.517432686051E-02 -0.324513950440E-02
  0.664454526971E-02  0.643140999389E-02  0.428135294184E-11
 -0.120440101601E-10 -0.334630847421E-11  0.166963434701E-01
  0.172496559808E-01 -0.842458558976E-02  0.369108346414E-10
  0.389276376462E-10  0.373498221975E-10  0.592142095360E-02
  0.611765532534E-02 -0.298781091610E-02  0.628153247517E-11
  0.598702441832E-11  0.626881974725E-11  0.340896684017E-02
  0.352193912415E-02 -0.172008516932E-02
  
  0.823044588916E-10  0.260511703334E-09 -0.125034990653E-09
 -0.598592389089E-10 -0.310046356404E-13  -1.49558435610    
 -0.367456054841     -0.375003534324     -0.137942570654E-01
 -0.338916574769E-02 -0.345877859244E-02 -0.743955732752E-02
 -0.182785436187E-02 -0.186539814828E-02 -0.924696963647E-02
 -0.227192466054E-02 -0.231858957606E-02  0.124249800609E-09
  0.107564431129E-09  0.103049845051E-09 -0.601920379553E-02
 -0.589805882330E-02 -0.240057127799E-01  0.510777191316E-10
  0.517083817648E-10  0.527914159604E-10 -0.213473328435E-02
 -0.209176872661E-02 -0.851371624847E-02  0.570739921693E-11
  0.543911715164E-11  0.529648955168E-11 -0.122896767024E-02
 -0.120423295052E-02 -0.490135333970E-02
  
  0.104467511377E-10  0.187106759392E-10 -0.261503337632E-10
  0.753328769956E-11 -0.227592688995E-11 -0.131086506597E-01
  -1.10565635928       1.13568320738     -0.120905312282E-03
 -0.101978253504E-01  0.104747726512E-01 -0.652069932060E-04
 -0.549991969362E-02  0.564928369893E-02 -0.810487849634E-04
 -0.683610439779E-02  0.702175580813E-02  0.201340914175E-10
  0.252226234236E-10  0.124593839865E-10  0.182289182412E-01
 -0.177469555286E-01 -0.210407763612E-03 -0.618358306280E-11
 -0.672510899309E-11 -0.399327636537E-11  0.646495433494E-02
 -0.629402444906E-02 -0.746218835483E-04 -0.102910806197E-11
 -0.984459680185E-12 -0.121478573306E-11  0.372187945120E-02
 -0.362347497711E-02 -0.429598841049E-04
  
 -0.430761985409E-01 -0.385732296584      -1.06800765745    
  0.660397329795      0.474380476048     -0.208157188177E-10
  0.258357801371E-10 -0.247584945064E-11  0.114922694410E-10
 -0.181537852876E-10  0.364123696427E-11 -0.571053916304E-11
  0.375407882148E-11 -0.765647558322E-12  0.622408374341E-11
 -0.311834450800E-11  0.827711387573E-12  0.174417748423    
  0.174417748423      0.174417748424     -0.166123673720E-10
 -0.820590315358E-11 -0.189165094885E-11 -0.404977699960    
 -0.404977699960     -0.404977699960      0.247907912659E-11
  0.255620126888E-11  0.800437322813E-12 -0.274309843610    
 -0.274309843611     -0.274309843610     -0.550152456119E-12
 -0.511598669159E-12 -0.207442824555E-12
  
 -0.460144057191E-11 -0.613447506795E-11  0.468087064136E-10
 -0.260401018567E-10 -0.102340947681E-10  0.806217468318E-01
  0.677945175620     -0.411065132333     -0.189448253683E-01
 -0.159306397704      0.965938435205E-01  0.217655912093E-01
  0.183026053523     -0.110975991379     -0.142945493426E-01
 -0.120202316933      0.728834470703E-01 -0.221046931935E-10
 -0.257827864674E-10 -0.166610459439E-10  0.122430302584E-03
 -0.201843644967E-03 -0.239906124659E-04  0.159126842882E-10
  0.158947422072E-10  0.143717369526E-10 -0.700891781986E-04
  0.115626510990E-03  0.137560680584E-04  0.818135173832E-11
  0.833621234690E-11  0.848271236702E-11 -0.628758682321E-04
  0.103708771039E-03  0.123351011002E-04
  
  0.437639438738E-10  0.140733489190E-09  0.345205077764E-10
 -0.978803560610E-10 -0.326254910937E-10 -0.755568277295    
  0.190884079316      0.166624946444      0.177546537357    
 -0.448547288192E-01 -0.391542206339E-01 -0.203982076377    
  0.515333068647E-01  0.449840276683E-01  0.133965194810    
 -0.338444898198E-01 -0.295432511949E-01  0.380169832056E-10
  0.239086211631E-10  0.249172464274E-10 -0.496000007744E-04
 -0.568172068254E-04  0.224878751869E-03  0.623599049754E-10
  0.657368045497E-10  0.658754869984E-10  0.284226020149E-04
  0.325625394136E-04 -0.128899043602E-03  0.270265440168E-10
  0.257674245450E-10  0.257216529049E-10  0.254908674095E-04
  0.292027572747E-04 -0.115594862905E-03
  
  0.847538945671E-11  0.223955327739E-10 -0.739478429826E-11
 -0.845552885019E-11 -0.572861691373E-11 -0.240209761783    
 -0.372877542164     -0.662076736722      0.564454314746E-01
  0.876203087660E-01  0.155577457418     -0.648498289233E-01
 -0.100666400335     -0.178741983609      0.425901251838E-01
  0.661126387686E-01  0.117388780958      0.274840834876E-10
  0.283672336711E-10  0.251087820547E-10  0.196987589447E-03
  0.110994013819E-03  0.714384842540E-04  0.700151052512E-11
  0.729675601431E-11  0.767256642249E-11 -0.112978589399E-03
 -0.636058180479E-04 -0.410038825880E-04  0.386757937335E-11
  0.354750390334E-11  0.355602161069E-11 -0.101301658903E-03
 -0.570444515620E-04 -0.367583286756E-04
  
  0.777391927188E-01 -0.197098958683       2.73439462400    
  -2.32773513921     -0.558606423153     -0.313473201661E-10
  0.487725751987E-10 -0.195297927381E-11 -0.596552468741E-11
 -0.274359270505E-10  0.230140127136E-11  0.290262487478E-10
 -0.639712910843E-11  0.161978636219E-11 -0.504324195674E-11
  0.106494438833E-11 -0.327953100526E-12 -0.434387681053    
 -0.434387681052     -0.434387681052     -0.525443211679E-10
 -0.176522098271E-10 -0.166295238628E-11   1.07214995627    
   1.07214995627       1.07214995627      0.143124801741E-10
  0.675173470649E-11  0.105737194325E-11  0.693429418634    
  0.693429418634      0.693429418634     -0.974921724655E-11
 -0.324517478749E-11 -0.765450917581E-12
  
 -0.124480883599E-11 -0.444835215207E-11  0.338378485224E-11
 -0.580957219404E-12 -0.398369985440E-12 -0.160876404520E-02
  0.262385841810E-01 -0.851169221139E-02 -0.108213923716E-04
  0.176538045912E-03 -0.572668879863E-04 -0.122831150709E-04
  0.200287089135E-03 -0.649740656256E-04 -0.691330922253E-05
  0.112787827996E-03 -0.365866344117E-04  0.191184471234E-09
 -0.438481417492E-09  0.247103069401E-09  0.290019951134    
 -0.894031298702      0.548152806895E-01 -0.113299840317E-09
  0.259861638414E-09 -0.146432001989E-09 -0.171764934017    
  0.529491940187     -0.324644667602E-01  0.901459324353E-10
 -0.205276901523E-09  0.116407012534E-09  0.135994151139    
 -0.419222977454      0.257036025779E-01
  
 -0.277269041951E-11 -0.119355615177E-10  0.429789431330E-10
 -0.291507165841E-10 -0.715430954508E-11  0.218691187675E-01
 -0.398337565852E-02 -0.164126986855E-01  0.147130509474E-03
 -0.267970039558E-04 -0.110423325746E-03  0.166942792535E-03
 -0.304110448035E-04 -0.125287447363E-03  0.939993280121E-04
 -0.171192780638E-04 -0.705479225616E-04 -0.414237118288E-09
  0.148256936084E-09  0.234325052009E-09  0.559231861106    
  0.135725519526     -0.745148683159      0.250811087761E-09
 -0.825249986962E-10 -0.133571711238E-09 -0.331206259744    
 -0.803837288224E-01  0.441315893133     -0.180332398823E-09
  0.835318277733E-10  0.124035636518E-09  0.262231138944    
  0.636434728116E-01 -0.349409970068    
  
 -0.923299514988E-12 -0.112808812507E-10  0.605564925652E-10
 -0.469845936288E-10 -0.106465984048E-10 -0.168123969687E-01
 -0.769223448599E-02 -0.205347847746E-01 -0.113106406034E-03
 -0.517431628307E-04 -0.138147728055E-03 -0.128345660054E-03
 -0.587296803243E-04 -0.156762565857E-03 -0.722608824900E-04
 -0.330568054577E-04 -0.882602062996E-04  0.963247210525E-10
 -0.900894369880E-10 -0.483882433228E-10  0.699683074692    
  0.262097063041      0.572849871951     -0.454219965299E-10
  0.650662299139E-10  0.402886214985E-10 -0.414388788987    
 -0.155227543483     -0.339271556564      0.656041562642E-10
 -0.218545747303E-10 -0.210981832903E-11  0.328090550958    
  0.122900743249      0.268616802734    
  
  0.328143518062E-12  0.896147138962E-12  0.505670283542E-13
 -0.624597551261E-12 -0.645303714699E-13  0.105614381220E-10
  0.125607058357E-11 -0.788890069235E-11 -0.309557013384E-11
  0.579623491256E-12 -0.516245460153E-12  0.505191498646E-11
  0.843391972657E-13 -0.176804704029E-12 -0.756511883897E-12
  0.544569561487E-14 -0.626524239523E-14  0.442767216585    
  0.518108933796E-01 -0.494578109965      0.310970264242E-09
 -0.688844272619E-10 -0.563378969473E-09 -0.262302612386    
 -0.306936290095E-01  0.292996241397     -0.184017255877E-09
  0.407698407757E-10  0.333415982252E-09  0.207628693915    
  0.242959002386E-01 -0.231924594153      0.145496580193E-09
 -0.322734688432E-10 -0.263936362576E-09
  
 -0.172621413626E-12  0.184182654175E-12 -0.111988953800E-11
  0.117744578292E-11  0.356018976689E-12  0.765836735132E-11
 -0.179786696886E-10  0.399701661500E-11 -0.223701898109E-11
 -0.369303872635E-11  0.128656554706E-12  0.353453702221E-11
  0.497184886998E-12 -0.877948087583E-13 -0.527493712190E-12
 -0.203893357595E-12  0.293704628443E-13  0.315457838163    
 -0.541176576607      0.225718738444     -0.140205001121E-09
  0.721591136727E-09 -0.397948018789E-09 -0.186882433814    
  0.320601942711     -0.133719508900      0.829642444015E-10
 -0.427115131128E-09  0.235511985506E-09  0.147928971408    
 -0.253776209190      0.105847237780     -0.655989129572E-10
  0.338091364041E-09 -0.186433762441E-09
  
  0.344344859516E-10  0.106875247537E-09 -0.203358434966E-09
  0.102590460358E-09  0.194942652670E-10 -0.785040770702    
  0.738323154636     -0.542888926195     -0.533695403563    
  0.501935258831     -0.369072963706      0.516044838209    
 -0.485335074432      0.356866850540     -0.589714804932E-01
  0.554620886211E-01 -0.407812749677E-01  0.694856766360E-10
  0.603278539942E-10  0.693553318529E-10  0.420780255043E-03
 -0.572256203002E-03  0.608466195579E-03 -0.183108792697E-10
 -0.233163380335E-10 -0.231538851118E-10 -0.162253301929E-03
  0.220662545228E-03 -0.234625114414E-03 -0.312698101365E-10
 -0.292061277376E-10 -0.292270534252E-10  0.153920466471E-04
 -0.209328337251E-04  0.222574681488E-04
  
  0.465178643281E-10  0.138389145304E-09 -0.166192406058E-09
  0.503903166309E-10  0.122848708466E-10 -0.775870852791    
 -0.155021288177      0.911115415065     -0.527461391112    
 -0.105388325465      0.619404893531      0.510016998388    
  0.101902883911     -0.598919712391     -0.582826414764E-01
 -0.116450387706E-01  0.684420771807E-01  0.712014942803E-10
  0.667332931967E-10  0.626294476540E-10 -0.706184097387E-03
  0.120152757455E-03  0.601358570721E-03 -0.105561091024E-11
 -0.475813960253E-11 -0.446087013673E-11  0.272305404012E-03
 -0.463312365310E-04 -0.231884800303E-03 -0.197095623306E-10
 -0.176423761456E-10 -0.176461438476E-10 -0.258322074504E-04
  0.439503266481E-05  0.219975226513E-04
  
 -0.192876829734E-10 -0.450596200681E-10  0.130936545266E-09
 -0.735896805005E-10 -0.776388794266E-11  0.487723123073    
  0.941799246871      0.575568204509      0.331569516587    
  0.640264737125      0.391289370231     -0.320603730818    
 -0.619089672101     -0.378348508389      0.366372749663E-01
  0.707470187003E-01  0.432361113013E-01 -0.814191724968E-10
 -0.889527826301E-10 -0.769510437203E-10 -0.446109093487E-03
 -0.729965831909E-03 -0.378022781965E-03  0.255757774367E-10
  0.281232534200E-10  0.269117867952E-10  0.172020036434E-03
  0.281475773088E-03  0.145766135063E-03  0.157916751619E-10
  0.145099370291E-10  0.146106932512E-10 -0.163184966923E-04
 -0.267019391685E-04 -0.138281145857E-04
  
 -0.219326922057      -1.41722420541      -6.18015920544    
   6.03574359812      0.469654461905     -0.271401004321E-10
  0.761403026190E-10 -0.162328342286E-10  0.723317573104E-10
 -0.645659561625E-10  0.215312910118E-10 -0.221393688653E-10
  0.796158170708E-11 -0.477386069164E-11  0.269206473570E-11
 -0.151496084773E-11  0.702453785023E-12  0.951689184851    
  0.951689184855      0.951689184855     -0.555966361295E-10
 -0.324119960436E-10 -0.778296203665E-11  -2.28641227749    
  -2.28641227749      -2.28641227750     -0.102255861639E-10
  0.104453839582E-10  0.252518762356E-11  -1.02811324540    
  -1.02811324540      -1.02811324539      0.239859678236E-11
 -0.815705175190E-12 -0.231086840111E-12
  
 -0.155392416478E-11 -0.623856496361E-11 -0.117729406501E-10
  0.143278246199E-10  0.959916062829E-12 -0.529436971731E-02
  0.109258873392E-01 -0.106291498363E-02 -0.236257809940E-03
  0.487569332555E-03 -0.474320689961E-04  0.272167245104E-05
 -0.562504272785E-05  0.546643927917E-06 -0.351817257731E-04
  0.726094735018E-04 -0.706335319543E-05 -0.109393893848E-08
  0.166932709082E-08 -0.579723455112E-09 -0.844047795744E-01
  0.867613166360     -0.420419131563      0.315067464251E-08
 -0.483426643335E-08  0.166433667642E-08  0.243710228162    
  -2.50514489389       1.21391754051     -0.384414880104E-09
  0.582292357608E-09 -0.204471980708E-09 -0.295111709891E-01
  0.303351073170     -0.146994766433    
  
 -0.121711537667E-10 -0.394201621854E-10 -0.392037801265E-10
  0.615896375206E-10  0.359198167541E-11  0.776780471050E-02
  0.289489343318E-02 -0.893398433841E-02  0.346636381328E-03
  0.129188782555E-03 -0.398677382834E-03 -0.399627556847E-05
 -0.149400628933E-05  0.459669780052E-05  0.516200349648E-04
  0.192408406633E-04 -0.593700747088E-04  0.119657728150E-08
  0.628301740702E-09 -0.183506345776E-08 -0.709437413956    
  0.229881470829      0.616832299013     -0.349752579728E-08
 -0.185478731678E-08  0.526230421710E-08   2.04842847382    
 -0.663759398426      -1.78104061150      0.411002751097E-09
  0.212124607702E-09 -0.649529898067E-09 -0.248046720937    
  0.803754409872E-01  0.215668395981    
  
  0.101059749431E-10  0.338020057994E-10  0.314945365664E-10
 -0.498738509558E-10 -0.271479460165E-11  0.775670962253E-02
  0.455847866666E-02  0.822129960101E-02  0.346137776278E-03
  0.203415626385E-03  0.366868913580E-03 -0.398705592174E-05
 -0.233997682269E-05 -0.422520639995E-05  0.515439102098E-04
  0.302892889495E-04  0.546307778171E-04 -0.130792882185E-09
 -0.417827233300E-09  0.545721321684E-09  0.652842560678    
  0.361981936689      0.615950232296      0.399380288508E-09
  0.122930835557E-08 -0.155394063005E-08  -1.88501658448    
  -1.04518607513      -1.77849373228     -0.384129931374E-10
 -0.138885997432E-09  0.198084565183E-09  0.228258974321    
  0.126562866092      0.215359991342    
  
  0.127689451552E-11  0.438684228380E-11  0.582410727369E-11
 -0.809695429341E-11 -0.496201621513E-12  0.673507255744E-11
  0.404591530437E-11 -0.370959322825E-10  0.155534322288E-10
 -0.937891409955E-12 -0.157495231697E-12 -0.268792929875E-11
  0.169693564161E-12  0.791505017853E-13  0.617120626012E-12
 -0.672755634110E-14 -0.222947211178E-12 -0.455359942830    
 -0.526975489127E-01  0.508057491745     -0.277068476922E-08
  0.250181678745E-09  0.162428999428E-08   1.31489191608    
  0.152168810972      -1.46706072704      0.799607758906E-08
 -0.721935036322E-09 -0.468619287518E-08 -0.159186901380    
 -0.184222605730E-01  0.177609161957     -0.968220739531E-09
  0.874189690477E-10  0.567457084736E-09
  
 -0.503661704910E-12 -0.163360960861E-11  0.210548363612E-12
  0.837759539058E-12  0.297508724390E-13  0.278610548178E-11
 -0.163289452705E-10  0.165528536030E-10  0.132970125488E-10
 -0.157117144850E-10  0.738894312771E-12 -0.225757060604E-11
  0.215875503576E-11 -0.135081795414E-12  0.497756500291E-12
 -0.596880832116E-12  0.120197017735E-12 -0.323752073673    
  0.556229315194     -0.232477241521      0.128762298113E-08
 -0.257582559339E-08  0.117960741728E-08  0.934862609651    
  -1.60616110738      0.671298497727     -0.371606749284E-08
  0.743277651301E-08 -0.340332539403E-08 -0.113178794567    
  0.194449297830     -0.812705032625E-01  0.449967723750E-09
 -0.900030804235E-09  0.412113025860E-09
  
  0.462448966321E-10  0.133685174536E-09 -0.631268328996E-09
  0.489098392933E-09  0.210456047436E-10  -3.29771271800    
  -3.17210899053      0.222008838067       2.40881785724    
   2.31707047956     -0.162166601212     -0.221674153631    
 -0.213230997612      0.149235610713E-01  0.563275103662E-01
  0.541820998169E-01 -0.379208348313E-02  0.424015164480E-09
  0.420918368824E-09  0.273104375339E-09  0.263625419269E-06
 -0.375518188491E-05 -0.390403900975E-05 -0.301400263625E-09
 -0.298644484903E-09 -0.263387043195E-09 -0.147362537542E-04
  0.210552188996E-03  0.218889351609E-03 -0.658551106079E-10
 -0.662053792828E-10 -0.688158762415E-10  0.184344253386E-05
 -0.263385127695E-04 -0.273815036534E-04
  
  0.606317129743E-10  0.501594560617E-10  0.103637089722E-08
 -0.113428899897E-08 -0.502297040103E-10  -1.02154553207    
  0.753933403227      -4.40164761392      0.746189047424    
 -0.550711485546       3.21518830760     -0.686688817136E-01
  0.506798357419E-01 -0.295881295214      0.174487968085E-01
 -0.128777692772E-01  0.751835812590E-01 -0.146317730205E-09
 -0.179598752978E-09 -0.130528125609E-09 -0.521081532707E-05
  0.892704719449E-06 -0.120884059343E-05  0.684121445599E-09
  0.695758630579E-09  0.684740400653E-09  0.292164175757E-03
 -0.500431156755E-04  0.678060598164E-04  0.152787281303E-09
  0.151752477599E-09  0.152523159269E-09 -0.365476681291E-04
  0.625996158975E-05 -0.848207386865E-05
  
  0.269528773573E-09  0.503147674153E-09  0.266354424632E-08
 -0.311275882839E-08 -0.134541111218E-09  -3.01131335797    
   3.21804000297       1.25007317086       2.19961713186    
  -2.35062083842     -0.913117314077     -0.202422223306    
  0.216318506591      0.840306402376E-01  0.514355855079E-01
 -0.549666372201E-01 -0.213522264106E-01 -0.484115661890E-09
 -0.702421489747E-09 -0.577688651061E-09  0.148006554316E-05
  0.380947352914E-05 -0.356493383146E-05  0.187265446649E-08
  0.193274864056E-08  0.190017885633E-08 -0.829749563644E-04
 -0.213600898932E-03  0.199879226815E-03  0.411511159853E-09
  0.406660333026E-09  0.409198708376E-09  0.103795911530E-04
  0.267199167798E-04 -0.250034005558E-04
  
 -0.252399297340      0.146667393071      -7.62058429224    
   7.82890186869      0.337196420738     -0.110924760536E-08
  0.149575150545E-08 -0.170727557639E-09  0.784977439863E-09
 -0.108165627405E-08  0.123606838673E-09 -0.673171561959E-10
  0.971633933506E-10 -0.115105789801E-10  0.182982455942E-10
 -0.252466447679E-10  0.295529860740E-11   2.05728777860    
   2.05728777859       2.05728777859      0.223094879305E-09
  0.633225615485E-10 -0.915461496966E-11  -4.81241261179    
  -4.81241261179      -4.81241261179     -0.557548141384E-10
 -0.126033866847E-10  0.175979758987E-11  -1.04652468363    
  -1.04652468363      -1.04652468363      0.433443154064E-11
  0.832980177802E-12 -0.124881392454E-12
  
 -0.445121718595E-11 -0.148259522695E-10  0.560688741137E-12
  0.709732898316E-11  0.237771114569E-12 -0.277409171366E-08
 -0.429396643025E-09  0.311304556421E-08  0.383348686899E-10
  0.160769922279E-10 -0.136088060977E-10 -0.782139630858E-10
 -0.124342249403E-10  0.867583660964E-10 -0.171263191099E-10
 -0.231870882492E-11  0.202155952155E-10  -6.34287008627    
 -0.960529105633       7.30339919193     -0.235786142799E-04
  0.309058907267E-05  0.207079480469E-04   1.32837249369    
  0.201161371105      -1.52953386481      0.493807055416E-05
 -0.647262249426E-06 -0.433686676605E-05 -0.994764265813E-01
 -0.150641589313E-01  0.114540585511     -0.369778180960E-06
  0.484690242803E-07  0.324758161369E-06
  
 -0.127409977280E-11 -0.408768913021E-11  0.826573063276E-11
 -0.491730852789E-11 -0.198703186575E-12  0.207808084915E-08
 -0.340333303205E-08  0.130410926513E-08 -0.246751589341E-10
  0.491220350805E-10  0.144625071673E-11  0.584675599127E-10
 -0.961661223938E-10  0.361247903129E-10  0.129628431024E-10
 -0.209721453610E-10  0.870594484527E-11   4.77118122715    
  -7.87867724121       3.10749601404     -0.995960867306E-05
  0.253972101713E-04 -0.155587233070E-04 -0.999217360338    
   1.65001300540     -0.650795645056      0.208584142181E-05
 -0.531893918600E-05  0.325846433150E-05  0.748273340924E-01
 -0.123562779542      0.487354454514E-01 -0.156194335171E-06
  0.398298821112E-06 -0.244004010555E-06
  
 -0.129770402441E-10 -0.429415255215E-10  0.159436209265E-11
  0.208892811170E-10  0.731718803618E-12 -0.101771697569E-02
  0.143719736403E-02 -0.396073614976E-03  0.727171541849E-06
 -0.102564667286E-05  0.283011277113E-06 -0.282369122340E-04
  0.398741806295E-04 -0.109892026957E-04 -0.673448937250E-05
  0.951132278964E-05 -0.262091747336E-05  0.126857151211E-04
 -0.175867715013E-04  0.490111571861E-05   3.01651759944    
  -10.9458132954       7.75098669190     -0.265674926368E-05
  0.368314742534E-05 -0.102643866232E-05 -0.631749495683    
   2.29238245808      -1.62328969495      0.198950219081E-06
 -0.275818962028E-06  0.768628627604E-07  0.473073843690E-01
 -0.171660790904      0.121557025495    
  
 -0.319305238932E-10 -0.975144529791E-10  0.163268868811E-09
 -0.847362051782E-10 -0.353585530957E-11  0.106143046377E-02
  0.361823134584E-03 -0.141442953606E-02 -0.758089150731E-06
 -0.257714996569E-06  0.101018200416E-05  0.294492764831E-04
  0.100379896250E-04 -0.392432345382E-04  0.702410795812E-05
  0.239496587933E-05 -0.936008772285E-05 -0.131289175321E-04
 -0.433213579329E-05  0.174607060211E-04   10.7723877677    
  -2.75569192259      -8.08392390078      0.274958525449E-05
  0.907295653394E-06 -0.365672868627E-05  -2.25606193744    
  0.577124755642       1.69301675829     -0.205888994178E-06
 -0.679273880499E-07  0.273853909098E-06  0.168940996320    
 -0.432169124739E-01 -0.126778406762    
  
  0.167945402127E-10  0.307256292086E-10 -0.184873232115E-09
  0.124467933326E-09  0.469443656147E-11  0.104679903441E-02
  0.103039068588E-02  0.104913489670E-02 -0.747922911259E-06
 -0.736366614936E-06 -0.749738938350E-06  0.290438187421E-04
  0.285887044701E-04  0.291088214646E-04  0.692691100350E-05
  0.681822788506E-05  0.694223698344E-05 -0.140579832456E-06
  0.175348885849E-06 -0.341458968242E-07  -7.99026189671    
  -7.84750502731      -7.97247649679      0.294099433590E-07
 -0.367542699400E-07  0.711973427169E-08   1.67340111813    
   1.64350353678       1.66967632055     -0.222421125424E-08
  0.273055915684E-08 -0.554989015170E-09 -0.125309526080    
 -0.123070701378     -0.125030601532    
  
   1.62891075861       7.66567014995       3.95894169141    
  -5.82903671389     -0.230820427331     -0.142219179344E-09
 -0.271225473543E-10 -0.396824067867E-10  0.815288622376E-10
  0.107888288842E-10  0.242674709255E-10 -0.337366578170E-11
  0.727059392085E-12 -0.132682765244E-11  0.187152812894E-11
  0.209297612376E-12  0.552296179883E-12  -10.7637855193    
  -10.7637855193      -10.7637855193     -0.199106180631E-09
 -0.128841690095E-09 -0.536294827602E-10   3.31541808876    
   3.31541808876       3.31541808876      0.391035039117E-10
  0.279959648967E-10  0.116240226356E-10  0.637051176256    
  0.637051176256      0.637051176256     -0.300930670876E-11
 -0.225796551444E-11 -0.933972221920E-12
  
  -13.5781772768      -40.1750769888       15.9701623112    
   10.4524056727      0.401678115755     -0.954393163321E-10
  0.260849345096E-10  0.650830098360E-11  0.487022811391E-10
 -0.203496643932E-10 -0.320568208946E-11 -0.957550604344E-12
  0.206129843017E-11 -0.379308393246E-14  0.114454925026E-11
 -0.493556106697E-12 -0.685335515502E-13  -4.32213804705    
  -4.32213804705      -4.32213804706     -0.681106647895E-10
 -0.102545496754E-10 -0.471784560681E-11  -7.24901238570    
  -7.24901238570      -7.24901238570      0.113850246084E-10
  0.230689783356E-11  0.102218108004E-11 -0.744935845085    
 -0.744935845085     -0.744935845085     -0.867320468165E-12
 -0.198883689613E-12 -0.864836303766E-13
