 
  -100.11717371071438     
     5    0        5    0
         0.0000000000        0.0000000000        0.0000000000    1   1
         0.9000000000        0.9000000000        0.9000000000    1   2
        -0.9000000000       -0.9000000000        0.9000000000    1   3
        -0.9000000000        0.9000000000       -0.9000000000    1   4
         0.9000000000       -0.9000000000       -0.9000000000    1   5
  
  
  
  
       0.000000000032     -0.000000000001     -0.000000000000
       0.000147996533      0.000147996535      0.000147996535
      -0.000147996535     -0.000147996533      0.000147996536
      -0.000147996535      0.000147996536     -0.000147996533
       0.000147996533     -0.000147996532     -0.000147996532
