  IT          TRACE                ETOT                 EKIN+ENONLOC          CHARGE              EDFT+SIC              LOWEST
   1        -53.043895595        -99.102612465        102.050886437          9.999999990       -100.009006407       -100.009006407
   2        -51.899276740        -99.134531058         96.157862973          9.999999987        -99.960139812       -100.009006407
   3        -52.482690726        -99.051729302         95.402220768          9.999999986        -99.857988367       -100.009006407
   4        -39.093880279        -86.262170710         76.093519786          9.999999976        -86.915232383       -100.009006407
   5        -58.294768125        -98.565392945        107.888657154          9.999999992        -99.514045987       -100.009006407
   6        -44.368121450        -93.530168936         82.064827525          9.999999972        -94.161123617       -100.009006407
   7        -50.637395420        -97.142007304         88.357097305          9.999999980        -97.811410692       -100.009006407
   8        -57.080054214        -99.150940665        102.712862871          9.999999990       -100.038798873       -100.038798873
   9        -53.569147466        -99.240293467         98.500451348          9.999999988       -100.096921061       -100.096921061
  10        -57.252241961        -99.091232292        103.191215957          9.999999990       -100.006180009       -100.096921061
  11        -55.671224478        -99.168805033        101.828020581          9.999999989       -100.072800505       -100.096921061
  12        -56.021425520        -99.156273321        102.078368513          9.999999990       -100.062735598       -100.096921061
  13        -55.714313641        -99.176568762        101.702198672          9.999999989       -100.078585374       -100.096921061
  14        -55.441590827        -99.198481331        101.255919176          9.999999989       -100.094483108       -100.096921061
  15        -55.231841229        -99.214426605        100.874274870          9.999999989       -100.104958420       -100.104958420
  16        -55.158213880        -99.221306398        100.695212904          9.999999989       -100.108941093       -100.108941093
  17        -55.139762608        -99.223684080        100.636522517          9.999999989       -100.110173836       -100.110173836
  18        -55.078839280        -99.226542478        100.559124867          9.999999989       -100.111618579       -100.111618579
  19        -54.931651557        -99.232395818        100.367119732          9.999999989       -100.114356230       -100.114356230
  20        -54.873846441        -99.235552164        100.258792864          9.999999989       -100.115542626       -100.115542626
  21        -54.847380747        -99.237063978        100.207963312          9.999999989       -100.116010830       -100.116010830
  22        -54.808040102        -99.238509746        100.149514959          9.999999989       -100.116425114       -100.116425114
  23        -54.771470476        -99.239815065        100.090619406          9.999999989       -100.116744254       -100.116744254
  24        -54.743088189        -99.240827657        100.042880225          9.999999989       -100.116939733       -100.116939733
  25        -54.716674718        -99.241687627         99.999615192          9.999999989       -100.117065685       -100.117065685
  26        -54.694568270        -99.242391772         99.961884124          9.999999988       -100.117136154       -100.117136154
  27        -54.681053499        -99.242861331         99.936231565          9.999999988       -100.117163599       -100.117163599
  28        -54.674641572        -99.243119603         99.922381092          9.999999988       -100.117171409       -100.117171409
  29        -54.671999709        -99.243244258         99.915941147          9.999999988       -100.117173290       -100.117173290
  30        -54.671228318        -99.243294984         99.913465137          9.999999988       -100.117173703       -100.117173703
  31        -54.671676140        -99.243300991         99.913452023          9.999999988       -100.117173711       -100.117173711
