 
  -76.679037095820277     
     5    0        5    0
        -0.0000016358        0.0007060362        0.2227714769    1   1
         0.0000254293        0.9936495229       -0.5847527229    1   2
         0.0000309140       -0.9848977917       -0.5630599200    1   3
         1.1710111106       -0.0080913951        0.8813750568    1   4
        -1.1710582956       -0.0080768617        0.8813481046    1   5
  
  
  
  
      -0.000000098649     -0.000053472034      0.000051560796
       0.000000281175      0.000018533454     -0.000024610109
       0.000000250128     -0.000042105690      0.000019032255
       0.000000366189      0.000000335550      0.000010881335
      -0.000000449031      0.000000359848      0.000010622784
