  IT          TRACE                ETOT                 EKIN+ENONLOC          CHARGE              EDFT+SIC              LOWEST
   1        -42.443202525        -75.851324781         76.506998446          9.999999276        -75.851324781        -75.851324781
   2        -40.218424452        -75.812412720         73.520642157          9.999999530        -75.812412720        -75.851324781
   3        -40.730153024        -75.883473918         74.497468445          9.999999618        -75.883473918        -75.883473918
   4        -41.249913254        -75.908502370         75.466787663          9.999999686        -75.908502370        -75.908502370
   5        -41.324922802        -75.908794113         75.621710091          9.999999694        -75.908794113        -75.908794113
   6        -41.273209244        -75.908980043         75.532950858          9.999999688        -75.908980043        -75.908980043
   7        -41.269580112        -75.908980338         75.523973285          9.999999687        -75.908980338        -75.908980338
   8        -41.276542901        -75.908981787         75.532380722          9.999999687        -75.908981787        -75.908981787
  IT          TRACE                ETOT                 EKIN+ENONLOC          CHARGE              EDFT+SIC              LOWEST
   1          0.000000000        -75.908981787         75.532380722          9.999999687        -76.666980859        -76.666980859
   2        -47.792347465        -75.895098723         76.640644724          9.999999710        -76.677319276        -76.677319276
   3        -47.164685661        -75.898394358         76.070950472          9.999999695        -76.677416758        -76.677416758
   4        -47.223000426        -75.898100438         76.035606125          9.999999687        -76.676763023        -76.677416758
   5        -49.289696879        -75.783500062         78.711931337          9.999999742        -76.586135377        -76.677416758
   6        -47.581764551        -75.880509024         77.018467359          9.999999730        -76.670098964        -76.677416758
   7        -47.591339185        -75.890541993         76.722416126          9.999999717        -76.676550443        -76.677416758
   8        -47.533231296        -75.893790462         76.586180732          9.999999709        -76.678172901        -76.678172901
   9        -47.395223377        -75.896737614         76.379444280          9.999999701        -76.679036370        -76.679036370
  10        -47.353231921        -75.897639780         76.282265256          9.999999696        -76.678851974        -76.679036370
  11        -47.353755708        -75.897828322         76.260928459          9.999999694        -76.678749357        -76.679036370
  12        -47.367491978        -75.897787288         76.272435474          9.999999694        -76.678797753        -76.679036370
  13        -47.398592036        -75.897528954         76.313470479          9.999999696        -76.678942830        -76.679036370
  14        -47.422097723        -75.897206976         76.351691473          9.999999697        -76.679019881        -76.679036370
  15        -47.434125125        -75.896967267         76.375355161          9.999999699        -76.679037898        -76.679037898
  16        -47.438752096        -75.896838706         76.386873794          9.999999699        -76.679038026        -76.679038026
  17        -47.438361269        -75.896804665         76.389660508          9.999999700        -76.679037096        -76.679038026
