     3 0.02 0.005      5.000000     5.000000  NAT,DX,DE,EUP,EDN
 300.0 0.0  1 6.0                             TEMP,WAVL,IBROAD,FWHM
            15.999400             1.007970             1.007970
                 -76.6790370958     1 Energy and Symbol NCALC
           0.00000000           0.00000000           0.22138100   8   8
  -0.138377573728D-05   0.279568811417D-04  -0.311189205155D-01
           0.00000000           1.42997500          -0.88548800   1   1
   0.700664297684D-06  -0.195897984882D-01   0.155158981213D-01
           0.00000000          -1.42997500          -0.88548800   1   1
   0.603535092320D-06   0.195601438359D-01   0.155703600113D-01
   0.601194588467D-06  -0.439062866959D-04   0.783635914738D+00
   0.000000000000D+00   0.000000000000D+00   0.000000000000D+00
