 ********* NEW TRY ************, SPIN:            1
 REP:            1  DIM:            1  NUMBER OF BASES:          165
           1         165
   -18.76772      -9.905342     -0.9021138     -0.6562513     -0.4409070    
  -0.3853375     -0.3823775     -0.3711491     -0.2573738     -0.2445351    
  -0.1301523E-01  0.2568358E-01  0.6283171E-01  0.6555320E-01  0.1042713    
   0.1084860      0.1145776      0.1422773      0.1967131      0.2018862    
   0.2278191      0.2565783      0.2595718      0.2700906      0.2795753    
   0.2919558      0.3088103      0.3185481      0.3815113      0.4186094    
   0.4283426      0.5024531      0.5401447      0.5566691      0.5647502    
   0.5680928      0.5771777      0.6238052      0.6782990      0.6851742    
   0.7042226      0.7346690      0.7463070      0.7855334      0.7953930    
   0.8067100      0.8309526      0.8530444      0.8695774      0.8855797    
   0.9016787      0.9186339      0.9559943      0.9710680      0.9992021    
    1.064221       1.160959       1.224160       1.253559       1.316988    
    1.332994       1.437436       1.446264       1.511067       1.622911    
    1.648918       1.675339       1.725295       1.737516       1.776333    
    1.787890       1.791252       1.827196       1.858956       1.876280    
    1.934061       1.985731       2.064769       2.089092       2.127628    
    2.158562       2.201421       2.208524       2.215709       2.236417    
    2.248314       2.275760       2.319673       2.345936       2.355732    
    2.373269       2.393631       2.430558       2.441163       2.482106    
    2.549520       2.560318       2.681154       2.775578       2.912378    
    2.937778       2.951659       2.980714       2.999478       3.005329    
    3.017710       3.053447       3.108079       3.124944       3.152079    
    3.207284       3.254916       3.330563       3.438369       3.452286    
    3.473968       3.592606       3.602412       3.766188       3.788126    
    3.947279       3.988312       4.025395       4.079371       4.474791    
    4.786714       4.952363       4.978963       5.145633       5.363236    
    5.425746       5.446086       5.743770       5.764518       5.872770    
    6.407396       6.411166       6.467261       6.476515       6.633187    
    6.723959       7.488661       7.507609       7.556939       7.605129    
    7.661119       7.741743       7.773187       7.852203       8.086799    
    8.092955       8.468320       8.752184       8.859676       8.866197    
    8.946584       9.886906       9.933146       9.987551       10.13156    
    10.47407       11.07166       12.26856       50.58823       57.18732    
 ********* NEW TRY ************, SPIN:            2
 REP:            1  DIM:            1  NUMBER OF BASES:          165
           1         165
   -18.75335      -9.898136     -0.8709045     -0.6383823     -0.4180173    
  -0.3769887     -0.3765531     -0.3482719     -0.2440276     -0.1838259    
  -0.9817259E-02  0.3062425E-01  0.6594447E-01  0.6858078E-01  0.1105283    
   0.1137651      0.1161673      0.1454596      0.2050011      0.2080945    
   0.2330849      0.2624052      0.2646267      0.2755157      0.2849769    
   0.2984196      0.3157333      0.3263634      0.3868845      0.4194887    
   0.4307015      0.5075276      0.5401862      0.5602758      0.5678686    
   0.5707108      0.5920765      0.6303766      0.6835684      0.6941983    
   0.7087954      0.7398867      0.7533535      0.7899037      0.8001862    
   0.8203235      0.8384107      0.8577276      0.8802460      0.8922176    
   0.9081914      0.9231309      0.9609721      0.9812247       1.007318    
    1.072669       1.165665       1.231683       1.258686       1.323162    
    1.350783       1.442551       1.451832       1.523214       1.631133    
    1.655358       1.682698       1.734688       1.749295       1.775831    
    1.791784       1.804172       1.836845       1.864885       1.882726    
    1.943325       2.004361       2.077766       2.098259       2.142906    
    2.164190       2.206246       2.212501       2.219772       2.240090    
    2.259089       2.281739       2.328980       2.352514       2.362819    
    2.379253       2.403473       2.439024       2.448652       2.485201    
    2.564020       2.568612       2.687206       2.785370       2.913077    
    2.949368       2.956726       2.983345       3.003833       3.010149    
    3.019902       3.058211       3.117374       3.135454       3.159447    
    3.219658       3.267731       3.341482       3.445448       3.463844    
    3.480883       3.597869       3.607099       3.778784       3.807120    
    3.966045       3.999403       4.036646       4.098880       4.486342    
    4.813201       4.970737       4.998659       5.174439       5.401181    
    5.457109       5.466420       5.760652       5.782125       5.892650    
    6.420374       6.432625       6.503693       6.517164       6.687142    
    6.785890       7.483755       7.506078       7.554711       7.602908    
    7.661559       7.737385       7.769434       7.853917       8.085590    
    8.091644       8.467710       8.758245       8.860874       8.867753    
    8.949250       9.886404       9.933507       9.986256       10.13348    
    10.46910       11.08770       12.30301       50.60129       57.20694    
 FERMI LEVEL:  -0.18722233832634488       TEMP:    1.0000000000000000E-004
 SUMMARY OF EVALUES AND THEIR OCCUPANCIES:
    1  REP:  1  DEG:  1  SPIN:  1  ENERGY:   -18.7677      OCC:    1.00000    
    2  REP:  1  DEG:  1  SPIN:  2  ENERGY:   -18.7534      OCC:    1.00000    
    3  REP:  1  DEG:  1  SPIN:  1  ENERGY:   -9.90534      OCC:    1.00000    
    4  REP:  1  DEG:  1  SPIN:  2  ENERGY:   -9.89814      OCC:    1.00000    
    5  REP:  1  DEG:  1  SPIN:  1  ENERGY:  -0.902114      OCC:    1.00000    
    6  REP:  1  DEG:  1  SPIN:  2  ENERGY:  -0.870905      OCC:    1.00000    
    7  REP:  1  DEG:  1  SPIN:  1  ENERGY:  -0.656251      OCC:    1.00000    
    8  REP:  1  DEG:  1  SPIN:  2  ENERGY:  -0.638382      OCC:    1.00000    
    9  REP:  1  DEG:  1  SPIN:  1  ENERGY:  -0.440907      OCC:    1.00000    
   10  REP:  1  DEG:  1  SPIN:  2  ENERGY:  -0.418017      OCC:    1.00000    
   11  REP:  1  DEG:  1  SPIN:  1  ENERGY:  -0.385338      OCC:    1.00000    
   12  REP:  1  DEG:  1  SPIN:  1  ENERGY:  -0.382377      OCC:    1.00000    
   13  REP:  1  DEG:  1  SPIN:  2  ENERGY:  -0.376989      OCC:    1.00000    
   14  REP:  1  DEG:  1  SPIN:  2  ENERGY:  -0.376553      OCC:    1.00000    
   15  REP:  1  DEG:  1  SPIN:  1  ENERGY:  -0.371149      OCC:    1.00000    
   16  REP:  1  DEG:  1  SPIN:  2  ENERGY:  -0.348272      OCC:    1.00000    
   17  REP:  1  DEG:  1  SPIN:  1  ENERGY:  -0.257374      OCC:    1.00000    
   18  REP:  1  DEG:  1  SPIN:  1  ENERGY:  -0.244535      OCC:    1.00000    
   19  REP:  1  DEG:  1  SPIN:  2  ENERGY:  -0.244028      OCC:    1.00000    
   20  REP:  1  DEG:  1  SPIN:  2  ENERGY:  -0.183826      OCC:   0.177636E-14
   21  REP:  1  DEG:  1  SPIN:  1  ENERGY:  -0.130152E-01  OCC:    0.00000    
   22  REP:  1  DEG:  1  SPIN:  2  ENERGY:  -0.981726E-02  OCC:    0.00000    
   23  REP:  1  DEG:  1  SPIN:  1  ENERGY:   0.256836E-01  OCC:    0.00000    
