   3          TOTAL NUMBER OF ATOM TYPES                                        
   6   6      ELECTRONIC AND NUCLEAR CHARGE                                     
ALL           ALL-ELECTRON ATOM TYPE                                            
   1          NUMBER OF ATOMS OF TYPE CAR                                       
 0.000000 0.000000 0.000000 UPO                                                 
 0                                                                              
  12          NUMBER OF BARE GAUSSIANS                                          
   5   4   3  NUMBER OF S,P,D FUNCTIONS                                         
   0   0   1  SUPPLEMENTARY S,P,D FUNCTIONS                                     
       0.2221336090D+05       0.3331736980D+04       0.7579013460D+03           
       0.2145437190D+03       0.6992488940D+02       0.2508613490D+02           
       0.9591041750D+01       0.3802455710D+01       0.1489185420D+01           
       0.5748765300D+00       0.2149473200D+00       0.7720965000D-01           
                                                                                
       0.1979224900D+00       0.3699897740D+00       0.6364461530D+00           
       0.1012493110D+01       0.1448078710D+01       0.1717368870D+01           
       0.1493193200D+01       0.6898716060D+00       0.8607224650D-01           
      -0.1656669520D-02       0.3776603340D-03      -0.4710534310D-04           
                                                                                
      -0.4500525960D-01      -0.8462105180D-01      -0.1449656410D+00           
      -0.2353560110D+00      -0.3421536850D+00      -0.4459512370D+00           
      -0.4526397090D+00      -0.3221641360D+00      -0.1298841970D-01           
       0.2013547140D+00       0.1276991250D+00       0.1413546650D-01           
                                                                                
       0.0000000000D+00       0.0000000000D+00       0.0000000000D+00           
       0.0000000000D+00       0.0000000000D+00       0.0000000000D+00           
       0.0000000000D+00       0.0000000000D+00       0.0000000000D+00           
       0.1000000000D+01       0.0000000000D+00       0.0000000000D+00           
                                                                                
       0.0000000000D+00       0.0000000000D+00       0.0000000000D+00           
       0.0000000000D+00       0.0000000000D+00       0.0000000000D+00           
       0.0000000000D+00       0.0000000000D+00       0.0000000000D+00           
       0.0000000000D+00       0.1000000000D+01       0.0000000000D+00           
                                                                                
       0.0000000000D+00       0.0000000000D+00       0.0000000000D+00           
       0.0000000000D+00       0.0000000000D+00       0.0000000000D+00           
       0.0000000000D+00       0.0000000000D+00       0.0000000000D+00           
       0.0000000000D+00       0.0000000000D+00       0.1000000000D+01           
                                                                                
       0.2313862990D-01       0.4264913270D-01       0.7465885120D-01           
       0.1202411540D+00       0.1835117630D+00       0.2470680430D+00           
       0.3071421870D+00       0.3137270600D+00       0.2672633980D+00           
       0.1475658550D+00       0.4758557640D-01       0.7279645930D-02           
                                                                                
       0.0000000000D+00       0.0000000000D+00       0.0000000000D+00           
       0.0000000000D+00       0.0000000000D+00       0.0000000000D+00           
       0.0000000000D+00       0.0000000000D+00       0.0000000000D+00           
       0.1000000000D+01       0.0000000000D+00       0.0000000000D+00           
                                                                                
       0.0000000000D+00       0.0000000000D+00       0.0000000000D+00           
       0.0000000000D+00       0.0000000000D+00       0.0000000000D+00           
       0.0000000000D+00       0.0000000000D+00       0.0000000000D+00           
       0.0000000000D+00       0.1000000000D+01       0.0000000000D+00           
                                                                                
       0.0000000000D+00       0.0000000000D+00       0.0000000000D+00           
       0.0000000000D+00       0.0000000000D+00       0.0000000000D+00           
       0.0000000000D+00       0.0000000000D+00       0.0000000000D+00           
       0.0000000000D+00       0.0000000000D+00       0.1000000000D+01           
                                                                                
       0.0000000000D+00       0.0000000000D+00       0.0000000000D+00           
       0.0000000000D+00       0.0000000000D+00       0.0000000000D+00           
       0.0000000000D+00       0.0000000000D+00       0.1000000000D+01           
       0.0000000000D+00       0.0000000000D+00       0.0000000000D+00           
                                                                                
       0.0000000000D+00       0.0000000000D+00       0.0000000000D+00           
       0.0000000000D+00       0.0000000000D+00       0.0000000000D+00           
       0.0000000000D+00       0.0000000000D+00       0.0000000000D+00           
       0.1000000000D+01       0.0000000000D+00       0.0000000000D+00           
                                                                                
       0.0000000000D+00       0.0000000000D+00       0.0000000000D+00           
       0.0000000000D+00       0.0000000000D+00       0.0000000000D+00           
       0.0000000000D+00       0.0000000000D+00       0.0000000000D+00           
       0.0000000000D+00       0.1000000000D+01       0.0000000000D+00           
                                                                                
       0.0000000000D+00       0.0000000000D+00       0.0000000000D+00           
       0.0000000000D+00       0.0000000000D+00       0.0000000000D+00           
       0.0000000000D+00       0.0000000000D+00       0.0000000000D+00           
       0.0000000000D+00       0.0000000000D+00       0.1000000000D+01           
                                                                                
   8   8      ELECTRONIC AND NUCLEAR CHARGE                                     
ALL           ALL-ELECTRON ATOM TYPE                                            
   1          NUMBER OF ATOMS OF TYPE OXY                                       
 4.734614 -0.220474 -0.000510 UPO                                               
 0                                                                              
  13          NUMBER OF BARE GAUSSIANS                                          
   5   4   3  NUMBER OF S,P,D FUNCTIONS                                         
   0   0   1  SUPPLEMENTARY S,P,D FUNCTIONS                                     
       0.6120995220D+05       0.9191660630D+04       0.2094692730D+04           
       0.5935495900D+03       0.1936468550D+03       0.6977937380D+02           
       0.2693975300D+02       0.1093418610D+02       0.4565711210D+01           
       0.1884057180D+01       0.7553058400D+00       0.2915527400D+00           
       0.1049174000D+00                                                         
                                                                                
       0.2484510850D+00       0.4640692010D+00       0.8000280060D+00           
       0.1288259230D+01       0.1912301250D+01       0.2484317540D+01           
       0.2565928310D+01       0.1710267850D+01       0.4862767820D+00           
       0.2128629570D-01       0.3876386950D-03      -0.1273179470D-03           
       0.1805300580D-04                                                         
                                                                                
      -0.5837699430D-01      -0.1091869670D+00      -0.1884255660D+00           
      -0.3060803760D+00      -0.4627975500D+00      -0.6352657150D+00           
      -0.7423516650D+00      -0.6508699470D+00      -0.2850338670D+00           
       0.1945857910D+00       0.3001787390D+00       0.1205146690D+00           
       0.7304580300D-02                                                         
                                                                                
       0.0000000000D+00       0.0000000000D+00       0.0000000000D+00           
       0.0000000000D+00       0.0000000000D+00       0.0000000000D+00           
       0.0000000000D+00       0.0000000000D+00       0.0000000000D+00           
       0.0000000000D+00       0.1000000000D+01       0.0000000000D+00           
       0.0000000000D+00                                                         
                                                                                
       0.0000000000D+00       0.0000000000D+00       0.0000000000D+00           
       0.0000000000D+00       0.0000000000D+00       0.0000000000D+00           
       0.0000000000D+00       0.0000000000D+00       0.0000000000D+00           
       0.0000000000D+00       0.0000000000D+00       0.1000000000D+01           
       0.0000000000D+00                                                         
                                                                                
       0.0000000000D+00       0.0000000000D+00       0.0000000000D+00           
       0.0000000000D+00       0.0000000000D+00       0.0000000000D+00           
       0.0000000000D+00       0.0000000000D+00       0.0000000000D+00           
       0.0000000000D+00       0.0000000000D+00       0.0000000000D+00           
       0.1000000000D+01                                                         
                                                                                
       0.4803085360D-01       0.7673145870D-01       0.1493385660D+00           
       0.2241829500D+00       0.3683805400D+00       0.5002376060D+00           
       0.6764937310D+00       0.7390674950D+00       0.7096321280D+00           
       0.4954630190D+00       0.2131075530D+00       0.5731713790D-01           
       0.6280915410D-02                                                         
                                                                                
       0.0000000000D+00       0.0000000000D+00       0.0000000000D+00           
       0.0000000000D+00       0.0000000000D+00       0.0000000000D+00           
       0.0000000000D+00       0.0000000000D+00       0.0000000000D+00           
       0.0000000000D+00       0.1000000000D+01       0.0000000000D+00           
       0.0000000000D+00                                                         
                                                                                
       0.0000000000D+00       0.0000000000D+00       0.0000000000D+00           
       0.0000000000D+00       0.0000000000D+00       0.0000000000D+00           
       0.0000000000D+00       0.0000000000D+00       0.0000000000D+00           
       0.0000000000D+00       0.0000000000D+00       0.1000000000D+01           
       0.0000000000D+00                                                         
                                                                                
       0.0000000000D+00       0.0000000000D+00       0.0000000000D+00           
       0.0000000000D+00       0.0000000000D+00       0.0000000000D+00           
       0.0000000000D+00       0.0000000000D+00       0.0000000000D+00           
       0.0000000000D+00       0.0000000000D+00       0.0000000000D+00           
       0.1000000000D+01                                                         
                                                                                
       0.0000000000D+00       0.0000000000D+00       0.0000000000D+00           
       0.0000000000D+00       0.0000000000D+00       0.0000000000D+00           
       0.0000000000D+00       0.0000000000D+00       0.0000000000D+00           
       0.1000000000D+01       0.0000000000D+00       0.0000000000D+00           
       0.0000000000D+00                                                         
                                                                                
       0.0000000000D+00       0.0000000000D+00       0.0000000000D+00           
       0.0000000000D+00       0.0000000000D+00       0.0000000000D+00           
       0.0000000000D+00       0.0000000000D+00       0.0000000000D+00           
       0.0000000000D+00       0.1000000000D+01       0.0000000000D+00           
       0.0000000000D+00                                                         
                                                                                
       0.0000000000D+00       0.0000000000D+00       0.0000000000D+00           
       0.0000000000D+00       0.0000000000D+00       0.0000000000D+00           
       0.0000000000D+00       0.0000000000D+00       0.0000000000D+00           
       0.0000000000D+00       0.0000000000D+00       0.1000000000D+01           
       0.0000000000D+00                                                         
                                                                                
       0.0000000000D+00       0.0000000000D+00       0.0000000000D+00           
       0.0000000000D+00       0.0000000000D+00       0.0000000000D+00           
       0.0000000000D+00       0.0000000000D+00       0.0000000000D+00           
       0.0000000000D+00       0.0000000000D+00       0.0000000000D+00           
       0.1000000000D+01                                                         
                                                                                
   1   1      ELECTRONIC AND NUCLEAR CHARGE                                     
ALL           ALL-ELECTRON ATOM TYPE                                            
   5          NUMBER OF ATOMS OF TYPE HYD                                       
 2.307280 -0.238087 0.004516 UPO                                                
 -0.593450 -0.455840 1.908000 UPO                                               
 -0.414190 1.937461 -0.526270 UPO                                               
 -0.644831 -1.356993 -1.394826 UPO                                              
 4.966446 1.590998 -0.001890 UPO                                                
 0                                                                              
   6          NUMBER OF BARE GAUSSIANS                                          
   4   3   1  NUMBER OF S,P,D FUNCTIONS                                         
   0   1   1  SUPPLEMENTARY S,P,D FUNCTIONS                                     
       0.7784080190D+02       0.1153441740D+02       0.2613858140D+01           
       0.7321663300D+00       0.2283819000D+00       0.7450697000D-01           
                                                                                
       0.3765677010D-01       0.7036322570D-01       0.1131455390D+00           
       0.1393935110D+00       0.1091635820D+00       0.3585699350D-01           
                                                                                
       0.0000000000D+00       0.0000000000D+00       0.0000000000D+00           
       0.1000000000D+01       0.0000000000D+00       0.0000000000D+00           
                                                                                
       0.0000000000D+00       0.0000000000D+00       0.0000000000D+00           
       0.0000000000D+00       0.1000000000D+01       0.0000000000D+00           
                                                                                
       0.0000000000D+00       0.0000000000D+00       0.0000000000D+00           
       0.0000000000D+00       0.0000000000D+00       0.1000000000D+01           
                                                                                
       0.0000000000D+00       0.0000000000D+00       0.1000000000D+01           
       0.0000000000D+00       0.0000000000D+00       0.0000000000D+00           
                                                                                
       0.0000000000D+00       0.0000000000D+00       0.0000000000D+00           
       0.1000000000D+01       0.0000000000D+00       0.0000000000D+00           
                                                                                
       0.0000000000D+00       0.0000000000D+00       0.0000000000D+00           
       0.0000000000D+00       0.1000000000D+01       0.0000000000D+00           
                                                                                
       0.0000000000D+00       0.0000000000D+00       0.0000000000D+00           
       0.0000000000D+00       0.0000000000D+00       0.1000000000D+01           
                                                                                
       0.0000000000D+00       0.0000000000D+00       0.0000000000D+00           
       0.1000000000D+01       0.0000000000D+00       0.0000000000D+00           
                                                                                
       0.0000000000D+00       0.0000000000D+00       0.0000000000D+00           
       0.0000000000D+00       0.1000000000D+01       0.0000000000D+00           
                                                                                
 10.000000 9.000000                                                             
WFOUT                                                                           
     2     SPIN
    19     NUMBER OF OCCUPIED ORBITALS, EVALUES:
  -18.7677197791      -9.90534162186     -0.902113759113    
 -0.656251337752     -0.440906956324     -0.385337504351    
 -0.382377450247     -0.371149126617     -0.257373826506    
 -0.244535065145      -18.7533535607      -9.89813599579    
 -0.870904532527     -0.638382339571     -0.418017339686    
 -0.376988652570     -0.376553090947     -0.348271924187    
 -0.244027593818    
     1     NUMBER OF REPRESENTATIONS
    10   165
   1.00000000000       1.00000000000       1.00000000000    
   1.00000000000       1.00000000000       1.00000000000    
   1.00000000000       1.00000000000       1.00000000000    
   1.00000000000    
  
 -0.794595325846E-05 -0.304846078183E-04 -0.192636145278E-03
 -0.226883503289E-03  0.319658828526E-03  0.130348386147E-04
  0.265274282013E-04 -0.131287909430E-05 -0.403098203010E-04
 -0.230656554468E-04  0.224834827878E-05 -0.128028974851E-03
 -0.310903061585E-05  0.826511958144E-05  0.517871906927E-04
 -0.121315161681E-04  0.235620384289E-05  0.333922747022E-04
  0.243131790207E-04  0.235883813599E-04  0.227267338697E-04
  0.104220417967E-05 -0.276462936727E-05 -0.909130321189E-04
 -0.569606362760E-04 -0.414113328133E-04 -0.399321705138E-05
 -0.166064572211E-05  0.137517424419E-04 -0.481372344933E-04
 -0.451168176729E-04 -0.429580531751E-04  0.298573887683E-05
 -0.739778262309E-06 -0.731585845131E-06  -1.02914731314    
 -0.742935726261E-01  0.331579762441E-01  0.163380637072E-01
  0.127294255895E-02  0.151958184516E-02 -0.569515165446E-02
  0.829974015060E-07 -0.504913128947E-03  0.286141557035E-02
 -0.992489804267E-06 -0.110073160812E-03 -0.191018296615E-03
  0.866204962274E-06 -0.803083468860E-04  0.269616429409E-04
  0.530527662101E-07 -0.245777453258E-01 -0.224731323183E-01
 -0.209071446350E-01  0.371942838414E-03  0.760494368661E-05
  0.688739588329E-06 -0.984420733466E-02 -0.963693714273E-02
 -0.103768878240E-01  0.171712420792E-04 -0.914766837322E-06
 -0.707816814955E-06 -0.103137980863E-02 -0.115097496920E-02
 -0.100773402997E-02 -0.160919249014E-04 -0.319414915789E-06
  0.173795057604E-06 -0.185328528115E-03 -0.936506296452E-04
  0.321796273831E-03 -0.437626814065E-03  0.159907060048E-03
 -0.104489920131E-04 -0.133201670036E-05 -0.107066237045E-03
  0.177053328168E-04  0.108313843091E-05 -0.210167444129E-03
  0.253598186641E-04 -0.148997226668E-05 -0.166187530010E-04
 -0.841316102200E-04 -0.101500767669E-03 -0.515518560556E-04
  0.395328268661E-06 -0.129521816747E-05  0.491489290418E-04
 -0.230611147605E-05  0.123166483609E-04 -0.993212206788E-05
  0.147390554976E-04  0.899593000691E-05 -0.460942650343E-05
 -0.862243604204E-05 -0.873411952169E-05  0.336805440062E-05
  0.424917397395E-05  0.874121255898E-05 -0.113049220520E-04
 -0.679811007047E-05  0.201909446681E-04  0.196201905280E-04
  0.712105806394E-05 -0.522710332226E-06  0.171761354430E-06
  0.607229966225E-04  0.374338610266E-05  0.427591646954E-04
  0.889492671040E-05 -0.351033969565E-05  0.228267155331E-05
 -0.661288448042E-06  0.104129882119E-04 -0.149661837296E-04
  0.364566576820E-05  0.335147982492E-05 -0.250023404115E-04
  0.701178428103E-05 -0.815699460678E-06  0.349843599474E-04
  0.229897024906E-04 -0.107328241983E-04  0.447018570376E-05
 -0.572281052925E-05  0.425111021957E-04 -0.355074242001E-05
  0.245623963461E-04 -0.714160613245E-05  0.241991339138E-04
  0.908077016295E-05  0.154814468049E-05 -0.172499457005E-04
 -0.932691790233E-05 -0.180840097594E-05  0.777413484149E-05
  0.148449077799E-04  0.856594254427E-05 -0.107898975453E-04
  0.177823584815E-04  0.178116204980E-04  0.333748322446E-05
 -0.294075425111E-05 -0.554695633095E-06  0.446161039889E-03
 -0.357089084112E-03  0.536043389398E-03 -0.435920967044E-04
  0.445718911095E-04  0.168317760139E-03  0.370989640990E-06
  0.674917942827E-04  0.540452812550E-03 -0.917850631605E-06
 -0.124129237675E-04 -0.163687659548E-03  0.388496902595E-06
 -0.148883939104E-05 -0.345618772807E-03  0.342098985283E-04
 -0.142209099407E-03 -0.143412733658E-06  0.601473067998E-06
  
  -1.03934916286     -0.106001209103      0.270760584162E-01
  0.146413907182E-01  0.133339915849E-02 -0.102723178324E-02
 -0.120678151703E-03  0.425091028229E-04  0.386202751629E-05
  0.628067264330E-04 -0.122986651369E-04 -0.109249045228E-04
 -0.348600410162E-05  0.151946131054E-05 -0.522423463415E-05
  0.238968368951E-05 -0.210755467391E-06 -0.951210742797E-02
 -0.758749667937E-02 -0.757579473220E-02  0.219776533858E-03
 -0.110348933405E-04  0.433607561812E-05 -0.178662027628E-02
 -0.188103847371E-02 -0.189083279949E-02 -0.120669054537E-04
  0.327838166967E-06 -0.102948145151E-04 -0.150985030421E-04
  0.178584193111E-04  0.216756656293E-04  0.398294054856E-05
 -0.253137408960E-06  0.238871895945E-05 -0.402399054678E-05
 -0.136775661140E-04  0.576417777666E-04 -0.265495310784E-04
 -0.360950698449E-04 -0.282413813162E-05  0.461827030689E-06
  0.106483108546E-06 -0.159008581559E-04  0.171890026929E-05
 -0.161943207743E-06  0.152759502646E-04 -0.193051802935E-05
  0.498302872258E-06  0.481392589214E-05  0.208681053202E-05
  0.343581692311E-07  0.393919231905E-04 -0.871368778449E-05
 -0.141895325537E-04 -0.974781551111E-05  0.470958807905E-06
  0.512885118038E-06  0.922015446165E-05  0.216889088143E-04
  0.251700863764E-04  0.790567305916E-05 -0.355699045572E-06
 -0.529292099988E-07  0.614985436179E-05  0.117296283852E-04
  0.105415299044E-04  0.454964651847E-05 -0.922914855451E-07
  0.227576910555E-06 -0.312183195850E-04 -0.246429478561E-04
  0.477428469786E-04  0.727913581016E-04  0.218764236220E-03
 -0.223952309516E-04  0.467827397634E-06  0.702637513047E-04
 -0.720877680686E-05  0.738507861038E-07 -0.126007440051E-04
  0.682638959871E-05 -0.497630791942E-06 -0.495226997584E-04
  0.214225319462E-04  0.238667089078E-04  0.249471627437E-04
 -0.419686899613E-06  0.134049135309E-05 -0.387071575278E-03
 -0.199046187426E-04 -0.921654565604E-04  0.232239821452E-04
 -0.272478654888E-04 -0.100542645318E-04  0.459578088313E-04
 -0.726822303881E-04 -0.749831867477E-04  0.308468140432E-03
 -0.156083497733E-04 -0.107636647831E-04  0.423682242275E-04
  0.269457775342E-04  0.287349987058E-04 -0.199095561565E-03
 -0.312837045514E-04  0.129096383035E-03  0.118769398950E-03
 -0.385128275995E-03 -0.298050714230E-04 -0.700760894887E-04
  0.234056659234E-04 -0.195568857789E-04  0.423338242587E-04
 -0.116059444372E-04 -0.499997632006E-04  0.329645778029E-03
 -0.892812825535E-04 -0.816766275593E-05  0.380222047517E-04
 -0.105934391704E-04  0.344421352201E-04 -0.216190328086E-03
  0.229718954518E-04  0.907211809675E-04 -0.243417815938E-04
  0.140496076743E-03 -0.388253800976E-03 -0.176732460508E-04
 -0.907548035721E-04  0.236917612626E-04 -0.301921046612E-04
 -0.330176694841E-04 -0.353217259857E-04 -0.781803374165E-04
 -0.217564298141E-03 -0.221495419056E-03 -0.169860224733E-04
 -0.300646226384E-04 -0.303111042851E-04  0.238601820500E-04
 -0.803005134768E-04 -0.843317134115E-04 -0.100085913281E-03
 -0.101625369551E-03 -0.250494047829E-03 -0.138101220430E-04
  0.507696293496E-05 -0.618420006738E-05 -0.188376073251E-05
 -0.351601594986E-06  0.220242295088E-05 -0.513070253541E-06
 -0.489955727723E-05  0.419637345856E-07  0.463979823486E-06
 -0.195659763546E-05  0.393725860366E-05 -0.552606566917E-06
 -0.136593006275E-05 -0.219684497264E-05  0.179102369353E-05
  0.295094207881E-05  0.922626679994E-06  0.744873751893E-06
  
 -0.216294879077E-02  0.515802013922E-01 -0.431535771738E-02
 -0.364744782628E-02  0.187960293736E-02  0.478639779489E-01
 -0.300158420986E-02 -0.514524937472E-04 -0.219659637098E-02
  0.112676543532E-02  0.149745829181E-04 -0.211479384393E-02
  0.302132732104E-03  0.135632350064E-03 -0.475128249085E-04
 -0.180099455825E-05 -0.228884931656E-04  0.289567223500E-02
 -0.967049964095E-04 -0.273076819858E-03 -0.116901294782E-02
  0.220280286062E-04  0.620785672267E-04 -0.125388946371E-02
 -0.136395116718E-02 -0.148839252989E-02  0.113356633286E-02
 -0.731091691781E-04 -0.425709474342E-03 -0.606664811835E-03
 -0.778897297336E-03 -0.649205994363E-03 -0.852018211302E-04
 -0.369505601895E-05 -0.274793888669E-04 -0.103920346450E-01
  0.862884310074     -0.304253268932E-02 -0.660412228670E-02
  0.414374606781E-03 -0.686126514405E-01  0.277744011624    
  0.377612132457E-05 -0.243000487243E-02  0.324560971191E-02
 -0.127287873811E-04  0.100861699782E-02 -0.120023998198E-01
  0.158191827033E-04  0.835888598933E-05 -0.196745744688E-02
  0.651728215747E-05  0.253146869647E-01  0.291209731975E-01
 -0.182928745361E-01  0.193562810169E-03 -0.166234766200E-03
 -0.471948411934E-04 -0.297759691642E-03 -0.242968551117E-02
 -0.107440204016E-01 -0.104319554923E-02  0.182367137343E-04
 -0.527459893477E-05 -0.133890644233E-02 -0.250278060029E-02
 -0.218614840111E-02 -0.166110589053E-04 -0.232000490354E-04
  0.196450460155E-06  0.216655861076     -0.343613178590E-02
 -0.141142586423E-01 -0.102383124440E-01  0.740803812730E-02
  0.391166604032E-03 -0.215641248449E-06  0.673315545211E-02
  0.218445382515E-02 -0.482696430602E-04 -0.121638793319E-02
  0.520823621108E-03 -0.405014249130E-04  0.923260545013E-02
 -0.496023570003E-03 -0.106264596757E-02  0.142275714504E-02
  0.367774422549E-04  0.228226524365E-04  0.163482248847E-01
 -0.537387182050E-03 -0.385130872384E-03 -0.646630411945E-03
  0.364023143283E-03  0.101106890382E-03 -0.408959613049E-03
  0.551483541122E-03  0.182261651352E-03 -0.719353878173E-03
  0.166502398040E-03  0.478804963437E-04 -0.353970159518E-03
 -0.492233943674E-04 -0.141213800387E-03  0.215840862026E-03
  0.736853037447E-04 -0.613019830066E-03 -0.236910668187E-03
  0.178569404100E-01 -0.602377408921E-03 -0.502441541905E-03
 -0.812436970224E-03  0.409384733894E-03 -0.615537118364E-03
  0.137570846184E-03  0.338376559245E-03 -0.550211219095E-03
  0.198432316164E-03  0.135562927337E-03 -0.240624112341E-03
  0.108035464794E-03  0.449915994561E-04  0.158561756856E-03
 -0.399254851778E-04  0.811985843440E-04  0.159829470295E-04
 -0.205584734838E-03  0.162687420886E-01 -0.309791402392E-03
 -0.120036130352E-03 -0.711348215356E-03  0.210404785217E-03
  0.231469467151E-03  0.200193785001E-03  0.857545438559E-03
  0.672100457957E-03  0.734455904233E-03  0.172870685971E-03
  0.220366682664E-03  0.350772429684E-03  0.137042624721E-03
  0.119981834724E-03  0.162107451560E-03  0.490133219018E-03
  0.689779831013E-03  0.491056690305E-03  0.499780094447    
 -0.106061703774E-01 -0.340543004330E-01 -0.175003201472E-01
 -0.429783571744E-02 -0.285272476223E-01  0.228848297518E-04
 -0.397261716425E-02 -0.199491012747E-01  0.174393176356E-04
 -0.751262927878E-03 -0.361409242667E-02  0.293103651364E-05
 -0.155949316169E-02  0.463398586570E-02 -0.327283363300E-02
  0.245078003184E-02 -0.599057706815E-05 -0.163267980737E-04
  
  0.252750372892E-01 -0.737502286068      0.191717195364E-01
  0.176537081299E-01 -0.171202162775E-02 -0.235329925737E-02
  0.213401430788E-02  0.157853768244E-02 -0.307820268725E-02
 -0.580512771519E-04 -0.153049961577E-03 -0.619279059548E-02
  0.456286761454E-03  0.281467192179E-03 -0.393608495605E-03
  0.305905193385E-04 -0.214934982276E-04 -0.155924527585E-01
 -0.146635800287E-01 -0.145910466299E-01  0.485688442708E-03
  0.201709078094E-05 -0.283697974334E-04  0.110857995538E-02
  0.591318287954E-02  0.601571662951E-02  0.461794632468E-03
 -0.153894867451E-04  0.147680438360E-03  0.168911146967E-02
  0.332295368020E-02  0.364945093149E-02  0.367332770253E-03
 -0.918923748590E-04 -0.593168440313E-04 -0.650701481435E-03
  0.109702972036      0.209267002151E-02  0.250172576072E-02
 -0.458652159068E-03  0.144487058879      0.800523005786E-01
 -0.179112037788E-03 -0.530043466809E-03  0.532738395612E-03
 -0.912235795798E-05 -0.469919868577E-02 -0.286073422590E-02
  0.294524787938E-04 -0.604168765224E-03 -0.374349333815E-03
  0.427890580398E-05 -0.605949288677E-02  0.941527628754E-02
 -0.664756367558E-03  0.455035631578E-02  0.228318346361E-05
 -0.168442207400E-05  0.132318672718E-03  0.921928575626E-03
 -0.480370958365E-03  0.134826078861E-02  0.259135874370E-05
 -0.692368098270E-05  0.442610933955E-03  0.127594419749E-03
  0.215087470130E-03  0.171066658565E-03 -0.190766808923E-04
  0.879574094020E-05 -0.335374354326      0.426046424708E-02
  0.245574241598E-01  0.145520384108E-01  0.101949557653E-01
 -0.640753110314E-03  0.213967732301E-04  0.118513961761E-01
 -0.127856647515E-02  0.439192011812E-04 -0.298361671183E-02
 -0.207586929580E-03 -0.182603879599E-04 -0.117380755358E-01
 -0.133438009063E-03  0.193293588449E-03  0.115138325730E-02
  0.111630159506E-04  0.737682526699E-05 -0.398564753098    
  0.584658269875E-02  0.193500981718E-01  0.146267294591E-01
 -0.330463666594E-02 -0.246462061333E-02  0.105055969253E-01
 -0.476940228408E-02 -0.387957553874E-02  0.159525795931E-01
 -0.796538396556E-03 -0.886668409856E-03  0.335213404355E-02
  0.325753600745E-03  0.487333660799E-03 -0.522904458274E-02
 -0.908367081263E-03  0.373289190441E-02  0.296490967149E-02
 -0.399377531446      0.606294713755E-02  0.199197403394E-01
  0.145815149140E-01 -0.245061400497E-02  0.107275277292E-01
 -0.291192100195E-02 -0.312633421004E-02  0.160075972100E-01
 -0.434037479574E-02 -0.608356008166E-03  0.323563438532E-02
 -0.850868066497E-03  0.877250761110E-03 -0.527641110352E-02
  0.517531473417E-03  0.257795336892E-02 -0.698355716930E-03
  0.339474040806E-02 -0.399823081163      0.589759406322E-02
  0.201299382485E-01  0.146441391466E-01 -0.361709990666E-02
 -0.744910813421E-02 -0.771137002484E-02 -0.521868712890E-02
 -0.114651070087E-01 -0.116878524482E-01 -0.859870424799E-03
 -0.239262126824E-02 -0.227609703516E-02  0.251843482006E-03
 -0.222638440287E-02 -0.233481951154E-02 -0.301071873182E-02
 -0.302901588622E-02 -0.643653502691E-02  0.105652575735    
 -0.100586720761E-02 -0.643929315787E-02 -0.372352626004E-02
  0.640632594788E-03 -0.571480137670E-02 -0.142244987229E-05
  0.137196255739E-02 -0.406053756279E-02  0.101685469816E-04
  0.356880609823E-03 -0.719607390420E-03 -0.944874472969E-05
 -0.980376088814E-03  0.101401349388E-02 -0.367547902454E-03
 -0.678277876075E-03  0.834013173508E-05  0.159449777684E-04
  
 -0.343909809288E-02  0.115371879596      0.271416926302E-02
 -0.444063551075E-02  0.523935607907E-03 -0.595274518314    
  0.139723636228     -0.254677972134E-02  0.518979392049E-02
 -0.648688004623E-03 -0.345428184247E-04  0.913407915530E-02
 -0.211769058078E-02  0.338128781761E-03  0.318513031904E-02
 -0.752249699383E-03  0.392171011129E-04 -0.121912153624E-01
  0.111196015555E-01  0.932465256258E-02  0.307712326276E-02
 -0.196358165460E-03 -0.191061932430E-02  0.765889347195E-03
  0.212855782038E-02  0.170711319501E-02  0.101263841833E-02
 -0.807838187244E-05 -0.475194075898E-03 -0.146654037407E-03
  0.575568015619E-03  0.616480581233E-03  0.243304606998E-03
  0.125117870190E-04 -0.156665794866E-03 -0.561902692647E-03
 -0.593911247877E-01 -0.250528737179E-02 -0.560074908578E-02
 -0.277877274056E-02  0.854593359200      0.723292236388    
 -0.194954379914E-02  0.785260495994E-02  0.184123972738E-02
 -0.351924854589E-04 -0.146840309754E-01 -0.135591141265E-01
  0.641746318073E-04 -0.245688720494E-02 -0.241994747878E-02
  0.642598242399E-05 -0.345658154090E-01  0.437370214139E-01
 -0.460739864341E-02  0.256438137612E-01  0.882960874947E-04
 -0.101258110073E-03 -0.640017364314E-02  0.542583259613E-02
 -0.159034145004E-02  0.474835876770E-02  0.297295000502E-04
 -0.201842134793E-04  0.831789914486E-03 -0.323831668934E-03
 -0.536946903901E-03  0.617261373787E-03 -0.257055328359E-04
  0.307756031725E-06 -0.601641039421     -0.626421856373E-03
  0.237126838742E-01  0.180430115193E-01 -0.233570005004E-02
  0.238662938870E-02  0.123857282619E-04 -0.193450536375E-02
  0.224765258169E-02  0.481718626611E-04 -0.355293776379E-02
  0.677279654853E-03 -0.672559135569E-04 -0.222075368471E-01
  0.457912948355E-04  0.284226160238E-03  0.469646751269E-02
  0.798188511200E-04 -0.229578677721E-05  0.173014817762    
 -0.785883653910E-03 -0.952642190228E-02 -0.542369348605E-02
 -0.249780085608E-02  0.203784388949E-02 -0.466039782267E-02
 -0.327965981690E-02  0.256390204954E-02 -0.583694495479E-02
 -0.113384156299E-02  0.427031304575E-03 -0.567698136312E-03
 -0.112591763622E-02  0.494335464610E-03  0.209243057914E-02
 -0.193538340280E-04  0.119523900186E-02 -0.150752793016E-02
  0.246562596845     -0.163260494798E-02 -0.124447963289E-01
 -0.747425936924E-02 -0.222000111167E-02 -0.605509160910E-02
  0.188098540114E-02 -0.322430285664E-02 -0.699802315074E-02
  0.220958760642E-02 -0.865916801946E-03 -0.749089666629E-03
  0.345817249059E-03 -0.877164123480E-03  0.228334676516E-02
  0.143941261196E-03  0.167069393551E-02 -0.349452883512E-03
 -0.147196208429E-02  0.146756862731     -0.465089194048E-03
 -0.768958914916E-02 -0.456576864564E-02 -0.283187742630E-02
  0.363753201786E-02  0.273546161897E-02 -0.331194299666E-02
  0.473305449360E-02  0.367393624378E-02 -0.107891109913E-02
  0.664043309850E-03  0.422172418190E-03 -0.108902482563E-02
  0.152796220686E-02  0.113107471558E-02 -0.590526841816E-03
 -0.876214287799E-03  0.193793169626E-02  0.521064640844    
 -0.228495318520E-02 -0.210813073606E-01 -0.154989099797E-01
  0.502678611218E-02 -0.195974153719E-01  0.286234085536E-05
  0.749578557068E-02 -0.139756597765E-01 -0.155010988575E-04
  0.170781669876E-02 -0.287037443052E-02 -0.925061797954E-05
 -0.267142442084E-02  0.313167832284E-02 -0.279633646244E-02
 -0.481172917831E-02  0.215350578851E-04  0.250386326304E-05
  
  0.695622500502E-03 -0.203634670843E-01  0.106839338073E-02
 -0.370083932688E-02  0.642657087441E-04  0.350792478757    
   1.01387213495     -0.744824800688E-01 -0.468132292934E-03
 -0.463130825180E-04  0.380089031989E-03 -0.625794750869E-02
 -0.124717898597E-01  0.932442648803E-03 -0.154320039247E-02
 -0.483655237631E-02  0.490855671732E-03  0.416284149884E-02
  0.100242803550E-01 -0.161593361859E-01 -0.162491576273E-01
 -0.160004521462E-03 -0.217884183888E-01  0.762783960408E-03
  0.260853805121E-02 -0.301164089019E-02  0.945579668953E-03
 -0.468797094182E-03 -0.570905786061E-02 -0.752906865466E-04
  0.960528538494E-03 -0.103855462848E-02 -0.684485950852E-03
  0.194644126710E-03 -0.140646524542E-02 -0.195082482739E-03
 -0.163787894331     -0.190893818782E-03 -0.122973954617E-01
 -0.679679056794E-02 -0.344961908501      0.478076063101    
 -0.559069679244E-02 -0.343110841365E-02  0.165123574774E-02
 -0.108113820021E-03  0.376786537458E-02 -0.432864469023E-02
  0.893244110414E-04  0.534025817154E-03 -0.941004158774E-03
 -0.213047720721E-05 -0.538233367784E-02  0.134327533027E-01
 -0.893665238799E-02 -0.107890894953E-01  0.109475675421E-03
 -0.251290348459E-03 -0.705230701406E-03  0.404585286338E-02
  0.760321004455E-04 -0.824972368001E-02  0.200235280432E-03
 -0.877969430757E-04 -0.398924484865E-03  0.115132612577E-02
  0.214676378072E-03 -0.254932319418E-03 -0.999252824975E-05
 -0.318951551014E-04  0.199861990711     -0.412698918504E-04
 -0.426773352995E-02 -0.570286797385E-02 -0.198797605661E-02
  0.647432545519E-02 -0.332268374029E-03 -0.403984255081E-03
  0.119062534482E-01 -0.571099148610E-03 -0.155783963450E-02
  0.422523288733E-02 -0.347377444818E-03  0.582804078123E-02
  0.105062365025E-02 -0.531250602041E-03 -0.251056996519E-02
  0.338244142711E-03 -0.162918828558E-03 -0.287469527046    
  0.212284392097E-02  0.142309851059E-01  0.780316793139E-02
 -0.459285776863E-03  0.465598768709E-02  0.793135645382E-02
  0.969978022238E-03  0.656203145130E-02  0.808009353187E-02
  0.589595570739E-03  0.200157555171E-02  0.880898262444E-03
  0.930299907658E-03  0.174632238949E-02 -0.282639084687E-02
  0.841247216202E-03 -0.824850115278E-04 -0.306308567136E-02
  0.606798851639     -0.526382299330E-02 -0.291291951933E-01
 -0.165760535168E-01  0.738570762738E-02 -0.116784596325E-01
  0.450881681190E-02  0.526232992357E-02 -0.893061815734E-02
  0.422119913286E-02  0.153683112693E-02 -0.975963700528E-04
  0.506756314338E-03 -0.425900565891E-03  0.152115270799E-02
 -0.131998807935E-02 -0.185464234103E-02  0.643283015780E-03
 -0.295107890203E-02 -0.516731261747      0.396767669381E-02
  0.253836317246E-01  0.146274120021E-01 -0.332626004884E-02
 -0.418568049957E-02 -0.117209394698E-01 -0.764908362140E-03
 -0.217502366219E-02 -0.115903635716E-01  0.661887690759E-03
  0.969104194852E-03 -0.168642382614E-02  0.108705795498E-02
  0.114616812010E-02 -0.270812288001E-02  0.463114452648E-03
 -0.751068665655E-03 -0.384088881851E-02  0.217339285516    
 -0.176717107822E-02 -0.877733394835E-02 -0.594521108788E-02
 -0.534690228225E-02 -0.454319126886E-02 -0.811956094863E-04
 -0.638347877796E-02 -0.262734470814E-02 -0.880327687115E-04
 -0.230070434438E-02  0.655893775633E-03 -0.681132066061E-04
  0.121271246543E-02 -0.160650263028E-03 -0.184816321900E-02
  0.259851105551E-02  0.111983307009E-03  0.291766618497E-04
  
  0.817683389203E-05  0.337592209831E-03  0.108110117254E-03
  0.134738142843E-02  0.111684222346E-03  0.157449946717E-01
  0.682833869811E-01   1.20135707569      0.410056013904E-04
  0.231851042086E-03 -0.485381280354E-03 -0.390516625397E-03
 -0.852628728672E-03 -0.153170043170E-01 -0.669761050052E-04
 -0.191155678376E-03 -0.564848928089E-02  0.246575255024E-03
 -0.127249070493E-01  0.124391009731E-01 -0.291098195318E-02
 -0.219526310649E-01 -0.255140781039E-01  0.101861153729E-03
 -0.306730889256E-02  0.304046613835E-02 -0.493618517304E-03
 -0.120357432488E-02 -0.712552359642E-02  0.282523629647E-04
 -0.631811244441E-03  0.944839167466E-03  0.601974413978E-04
 -0.756101574087E-03 -0.130309140561E-02 -0.126962472804E-04
 -0.852692580233E-02 -0.994480413493E-04 -0.695750445019E-03
 -0.523616696088E-03 -0.189044859089E-01  0.259649454044E-01
  0.876833348983E-01 -0.124288671220E-03  0.412582715520E-04
  0.661015406475E-03  0.296999171237E-04 -0.304557912657E-03
 -0.911788328488E-04  0.473145039936E-04 -0.872675577183E-04
 -0.129673825692E-03 -0.286614729874E-03  0.676817888418E-03
 -0.400700762369E-03 -0.611673619838E-03 -0.175561374988E-02
  0.277666947450E-02 -0.430682890207E-04  0.131076558830E-03
 -0.237667652154E-04 -0.459489621293E-03 -0.306268530218E-02
  0.602196445874E-03 -0.115563598089E-04  0.209072252834E-04
  0.212253013458E-04 -0.101650369424E-03 -0.360718244016E-03
  0.215746768631E-03  0.110571376495E-01  0.704717022817E-04
 -0.561872741791E-03 -0.241624808576E-03 -0.918853409922E-04
  0.413497591131E-03  0.559653090789E-02 -0.222052256630E-04
  0.828504239515E-03  0.963277967115E-02 -0.105361268339E-03
  0.333831191597E-04  0.245484910175E-02  0.296135376434E-03
  0.268650797288E-04  0.890899021348E-04 -0.251679737882E-03
 -0.546068709680E-02  0.781650106898E-03  0.752153078721    
 -0.562208043309E-02 -0.369442890692E-01 -0.211942839259E-01
  0.759686309065E-02  0.575374793668E-02 -0.143969428133E-01
  0.540031048640E-02  0.600679446698E-02 -0.118429521106E-01
  0.468510966031E-04  0.800556239074E-03 -0.128603509511E-03
 -0.572536706598E-03 -0.891348556521E-03  0.264254244814E-02
  0.648058983915E-03 -0.211357923247E-02 -0.395922896868E-02
 -0.169140364960      0.137461998310E-02  0.729427541393E-02
  0.445422800835E-02 -0.109902305316E-02  0.550836208556E-02
  0.665083621163E-02 -0.642864892868E-03  0.571842392437E-02
  0.875859778851E-02 -0.204042206727E-03  0.103314437631E-02
  0.250095563322E-02  0.332102065970E-03 -0.222441869117E-02
  0.198422280760E-02  0.448757234810E-03  0.421510834624E-03
 -0.454617183898E-02 -0.593715830952      0.455829966563E-02
  0.275970814867E-01  0.169071164262E-01 -0.621947031281E-02
 -0.120688984331E-01 -0.493398222957E-02 -0.447708321353E-02
 -0.118203951800E-01 -0.250301217599E-02 -0.155474454918E-03
 -0.177988788276E-02  0.832967867742E-03  0.455473996850E-03
 -0.256470946296E-02  0.137336382741E-02 -0.177669234212E-02
 -0.813541754690E-03 -0.386229890806E-02  0.109687379320E-01
 -0.148362317623E-03 -0.567849489351E-05 -0.276957491261E-03
 -0.346084135935E-03 -0.240881460854E-03  0.131001602143E-02
 -0.217324625825E-03 -0.210616017130E-03  0.987924706077E-03
 -0.132822549124E-03 -0.147545520298E-03  0.526437559217E-03
 -0.514182557777E-04 -0.354682322415E-04 -0.219296255910E-03
  0.182822023814E-03 -0.429136113089E-03 -0.669912715483E-03
  
  0.587707773678E-03 -0.118534000199E-01  0.118483067754E-02
 -0.208169062153E-02  0.229022261616E-02  0.370854574722    
 -0.633432999261      0.805256084316E-02 -0.444385415481E-03
  0.248437577475E-02  0.216768832478E-03 -0.800124409098E-02
  0.905474878958E-02  0.176541728042E-03 -0.138489466330E-02
  0.320611801204E-02 -0.212349025012E-04  0.894878955144E-02
 -0.123120798153E-01  0.164782073071E-02  0.662465666472E-02
  0.885449287831E-03  0.140304012563E-01  0.107377697219E-02
 -0.191729905679E-02  0.110040432237E-02  0.334822064186E-02
  0.559124376573E-04  0.222186233092E-02 -0.237581640628E-03
 -0.205359949988E-03  0.497417920009E-03  0.198170270208E-03
  0.668273473732E-04  0.685733759209E-03 -0.771223325650E-03
 -0.301480378099     -0.405439483694E-02 -0.240687468380E-01
 -0.117271724575E-01 -0.421912904622       1.02468751032    
  0.113742814522E-02 -0.285834453135E-02  0.181241286654E-02
  0.107345081070E-05  0.270406828934E-02 -0.128230283386E-01
 -0.179888004514E-05 -0.709295993721E-04 -0.202969873189E-02
  0.456438433624E-05 -0.156262388367E-01  0.344752036315E-01
 -0.164926545554E-01 -0.117654029916E-01 -0.975625537673E-04
  0.345196168718E-04 -0.422312606105E-02  0.583557350875E-02
 -0.140511679494E-02 -0.728493412393E-02  0.372384938997E-04
  0.464723801846E-04 -0.865589548127E-03  0.631756169176E-03
 -0.238875551963E-03 -0.298125204027E-03 -0.133967134247E-04
  0.852730286236E-05  0.287157531649      0.166237016941E-03
 -0.721193634156E-02 -0.109062068908E-01 -0.648943135103E-02
  0.115343951850E-02  0.581993502688E-04 -0.575532248259E-02
  0.405261129929E-02 -0.339522966407E-04 -0.418481291200E-02
  0.263530055494E-02 -0.320732170242E-04  0.101303640257E-01
  0.594278603711E-03 -0.230501569919E-03  0.915440251064E-02
  0.793587833644E-04  0.198403335092E-03  0.156295835130E-01
 -0.198209059921E-03 -0.233900897411E-02 -0.600963134035E-03
  0.275350731952E-02 -0.416565219200E-02 -0.550499292095E-03
  0.329442256416E-02 -0.503328817667E-02 -0.796284782446E-04
  0.696218230315E-03 -0.169746774942E-02  0.277864097012E-03
  0.844411242029E-03 -0.747638841309E-03  0.181269248550E-03
 -0.307334359754E-03 -0.156705934575E-02  0.277829300211E-02
 -0.479537509358      0.295933842957E-02  0.194742081968E-01
  0.126496388964E-01  0.147866080534E-03  0.956749839399E-02
 -0.376714977076E-02  0.316225606409E-03  0.980184387445E-02
 -0.389458168249E-02  0.107766674782E-02  0.111616815437E-02
 -0.815873244760E-03  0.129769132330E-02 -0.265939622056E-02
  0.579890198968E-03  0.465911125129E-03 -0.191236024120E-03
  0.270801054675E-02  0.192733852531     -0.110714639344E-02
 -0.955902953908E-02 -0.529611518498E-02  0.414687885350E-02
 -0.335317359023E-03  0.411425523178E-02  0.530622782881E-02
 -0.880158143238E-03  0.444974976882E-02  0.825885312593E-03
 -0.101474355223E-02  0.662452040964E-03  0.980572602759E-03
 -0.113213753871E-02  0.114005361580E-02  0.143190375329E-02
  0.245484514705E-02  0.930240718115E-03  0.501151169917    
 -0.720860558190E-03 -0.171897638156E-01 -0.133185476074E-01
 -0.761108141214E-02 -0.127039025825E-01  0.232541215584E-04
 -0.890073310809E-02 -0.105926197273E-01  0.691778987456E-04
 -0.243544954080E-02 -0.112001595648E-02  0.225232866388E-04
  0.606824337102E-03  0.209682172933E-02 -0.306442661756E-02
  0.488938556167E-02 -0.750623478056E-04 -0.195027297265E-04
  
  0.748309981524E-05  0.327368158019E-04  0.196581990812E-03
 -0.654091337681E-03  0.896937651635E-05  0.243129530220E-03
 -0.794357417719E-03  0.108736516298      0.177802102232E-04
 -0.730275952131E-03 -0.405960436985E-02 -0.250942616239E-03
 -0.635829490996E-03 -0.338313382422E-02  0.130287237529E-04
 -0.385265816655E-03 -0.182680480193E-02  0.256881725042E-04
 -0.177136679149E-02  0.167412611018E-02 -0.213385021387E-03
 -0.284624373345E-02 -0.406892152085E-02  0.834177529021E-04
  0.375409411105E-03 -0.271962805387E-03  0.275207385528E-03
 -0.573149108249E-02  0.242000855871E-02 -0.138299870614E-04
 -0.278158147728E-04  0.399189109144E-04 -0.113864924209E-03
  0.192971607641E-03 -0.425741453095E-03 -0.368890326602E-05
  0.469199879360E-05 -0.110499682356E-03  0.129096197089E-03
  0.268779579810E-03 -0.268821926222E-02 -0.519267910573E-03
  -1.60299355352     -0.270438634861E-04  0.703583016630E-07
 -0.120314923847E-01 -0.981044919616E-04 -0.570014859163E-04
  0.227629794093E-02 -0.649812632127E-04  0.206380667997E-04
 -0.403503761132E-02  0.263973297694E-04  0.151862335256E-04
  0.512765712942E-05 -0.306272147507E-04  0.138504734056E-01
 -0.491416305813E-01 -0.996321960617E-05 -0.758121364656E-04
 -0.282728573228E-04 -0.516063299793E-04  0.683767008347E-02
 -0.107745113042E-01  0.107852162713E-04 -0.245774204912E-04
 -0.390906635594E-04  0.313941968727E-04  0.238420904379E-03
 -0.274139387157E-02 -0.198460394921E-03 -0.396717694383E-04
  0.215499797293E-03 -0.323682655030E-03 -0.332768482969E-04
 -0.604295351656E-05 -0.537837726195E-02 -0.266343094148E-04
 -0.621880318084E-05 -0.112322336969E-01 -0.318957143487E-03
  0.186593981250E-03 -0.513730678063E-02 -0.113859122091E-03
 -0.114560412957E-03  0.968340954389E-04 -0.112572032185E-03
 -0.125702672401E-01 -0.108136713131E-02  0.784156590613E-01
  0.121475500772E-03  0.152070034382E-02 -0.364718030565E-03
 -0.986119859818E-03  0.614278146161E-03 -0.612946684900E-03
  0.187560322717E-02  0.431211474943E-03 -0.302153796543E-02
 -0.279554555905E-03  0.894736046646E-03 -0.981827236591E-03
 -0.272182114718E-03 -0.681210606362E-03  0.554646319046E-03
  0.555683698530E-03 -0.235899768232E-02 -0.480111255290E-03
 -0.221540191004E-01 -0.120105636806E-04  0.520278757513E-03
  0.945472510085E-03  0.376581490767E-03  0.615686442343E-03
  0.962887849702E-03 -0.419361680543E-03  0.421447604075E-03
 -0.188946288256E-03  0.488457764543E-03  0.226164476602E-03
  0.118188229331E-02  0.167146590412E-04 -0.126791343740E-03
  0.412304755807E-04  0.302222503357E-03 -0.131578012520E-03
 -0.171317668379E-03 -0.566194004308E-01 -0.173367106769E-03
 -0.165157893501E-02 -0.426399421735E-03  0.656113773235E-03
 -0.895860062917E-03  0.266603716358E-03 -0.149161939798E-02
 -0.182640098927E-02 -0.183691906121E-02 -0.618548577945E-04
 -0.131251770853E-02 -0.317598685414E-03  0.229130467787E-03
 -0.101420214699E-04  0.160623258756E-03 -0.149151628093E-02
 -0.151172990937E-02 -0.128288893781E-02  0.117581358253E-03
  0.174226084331E-04 -0.350588937851E-04  0.356151038286E-04
 -0.678642339898E-04 -0.183303406705E-04 -0.190306661019E-01
  0.216794712999E-04 -0.471288591081E-04 -0.215708380895E-01
 -0.595946890698E-04 -0.180540271147E-04 -0.725814635208E-02
 -0.747222431200E-05  0.296014322491E-04 -0.115341423368E-04
  0.430738942606E-04  0.265342864678E-02  0.148289769841E-01
  
  0.210127641429E-02 -0.147520405388     -0.419532553960E-02
 -0.412155848592E-03 -0.947497318689E-02  -1.11023537304    
  0.573108448633E-01 -0.330303832401E-02 -0.713708999222E-02
  0.754221915136E-03 -0.182258156054E-03  0.102046852502E-01
 -0.107810047914E-02  0.856502145025E-03  0.125030392939E-02
  0.331801640989E-03  0.694893228342E-04 -0.156251168202E-01
  0.274976372467E-02  0.373084457966E-02  0.450650765038E-02
 -0.129252106535E-06  0.684309581035E-03 -0.248180838525E-02
 -0.930627261409E-03 -0.456875174638E-03  0.104012758923E-02
 -0.594070580857E-04  0.284476524862E-03  0.555634971297E-03
 -0.617511493668E-03  0.202942184751E-04 -0.225776223110E-03
 -0.527742193696E-04  0.343859235637E-04  0.463146584780E-03
  0.783495139023E-01  0.833305817024E-02 -0.193023228647E-02
  0.429132223650E-02  -1.23512792098      0.124847563873    
  0.158692819635E-02 -0.180583782667E-01  0.157118130591E-02
 -0.111238321207E-04  0.973419438291E-02  0.110111358158E-02
  0.236883121296E-04 -0.267134948177E-02  0.560405435392E-03
 -0.255071435077E-05  0.293391309607E-02  0.123101720747E-02
 -0.310143056923E-02 -0.382761844429E-01 -0.519503581422E-04
  0.101215257555E-04 -0.618686049199E-03  0.248390225544E-02
  0.106619500037E-02 -0.981896193764E-02  0.459015162384E-04
  0.466778467039E-04 -0.308046674201E-02  0.811266375491E-03
  0.556970114778E-03 -0.198709039921E-02 -0.260933228395E-04
 -0.101333172023E-04 -0.271640229966      0.197852458601E-02
  0.948158011590E-02  0.882156744882E-02  0.273000283494E-01
 -0.790012187123E-03 -0.276357848659E-05  0.394218670871E-01
 -0.901951933001E-03 -0.333291246490E-04  0.134903540221E-01
 -0.571369070238E-03 -0.153056025884E-03 -0.125383295214E-02
  0.122218972711E-02  0.117399511229E-02  0.224182236082E-02
  0.548097837914E-04 -0.142428099522E-04  0.136136327236    
 -0.611650582150E-03 -0.378677357812E-02 -0.127565180570E-02
 -0.783794870958E-02  0.135879638867E-02 -0.396746090456E-02
 -0.982449668843E-02  0.152679163393E-02 -0.349240377009E-02
 -0.306231366041E-02  0.236982525859E-04 -0.828239200786E-03
 -0.178242653228E-02 -0.322271128200E-03  0.142492895128E-02
 -0.871183265527E-03  0.386099295115E-02 -0.978332722798E-03
  0.112733987988     -0.128300661246E-03 -0.183045934964E-02
 -0.940514979107E-03 -0.823454734079E-02 -0.288658981663E-02
  0.808783697767E-03 -0.999319523030E-02 -0.254276487586E-02
  0.908546671867E-03 -0.269080417152E-02 -0.849867540589E-03
  0.252860600344E-03 -0.783100330020E-03  0.126615665897E-02
  0.468003403415E-04  0.442723992130E-02 -0.112987849096E-02
 -0.762582517575E-03  0.143938331040     -0.556219250717E-03
 -0.228142375529E-02 -0.108381327027E-02 -0.783793440220E-02
  0.334376822960E-02  0.292895386227E-02 -0.957801257030E-02
  0.335157652248E-02  0.273230277816E-02 -0.296594642238E-02
  0.740800481680E-03  0.107519313241E-02 -0.186607633025E-02
  0.598333656746E-03  0.627825836844E-03 -0.269146638302E-02
 -0.269960108715E-02  0.216267655540E-02 -0.197250157041E-01
  0.474966687733E-04 -0.265732473066E-02 -0.181123815226E-02
 -0.131024378038E-01  0.494730024043E-03  0.224587448428E-04
 -0.150045764425E-01  0.439140696582E-03  0.111402016968E-04
 -0.383590865951E-02  0.142543433926E-02  0.168710298552E-04
  0.100287157870E-02 -0.105353540400E-02  0.159021605987E-03
  0.969384409808E-02 -0.471876771965E-05 -0.891161571934E-05
     9   165
   1.00000000000       1.00000000000       1.00000000000    
   1.00000000000       1.00000000000       1.00000000000    
   1.00000000000       1.00000000000       1.00000000000    
  
  0.232459272914E-05  0.789548830888E-05 -0.329833169358E-03
  0.171763620568E-03  0.362869709725E-03 -0.627097336436E-04
  0.873718047883E-05  0.185678290709E-07 -0.116076148432E-04
 -0.238605332750E-05  0.353320718986E-06  0.222198986622E-03
 -0.403088433173E-04  0.540879192743E-05  0.642366532814E-04
 -0.137614372812E-04  0.171016456777E-05 -0.237028947556E-04
  0.320490049934E-04  0.332194658626E-04  0.205337954110E-04
  0.119148262830E-05 -0.197529958483E-05 -0.803537741125E-04
 -0.105178700580E-03 -0.992537830443E-04  0.147350963359E-06
 -0.161166640915E-05  0.639618637878E-05 -0.413082630195E-05
 -0.698754539108E-04 -0.687973214329E-04 -0.132939281688E-04
 -0.236820935890E-06 -0.711243149554E-07  -1.02955826771    
 -0.735526516857E-01  0.340702909946E-01  0.162289783619E-01
  0.137177970728E-02  0.975281141976E-03 -0.555432990897E-02
 -0.262806928885E-06 -0.347172766026E-03  0.282687804801E-02
 -0.451173529003E-07  0.139195761706E-03 -0.201009963650E-03
 -0.670605374187E-06 -0.108425852047E-03  0.173812614065E-04
  0.998565776699E-07 -0.238412628349E-01 -0.274264510244E-01
 -0.258422857570E-01 -0.926621806669E-03 -0.276982660950E-05
  0.792120197036E-06 -0.110945028653E-01 -0.983939192321E-02
 -0.106449138775E-01  0.281384289915E-03  0.948216578225E-06
 -0.497769865061E-06 -0.107204254353E-02 -0.125064431802E-02
 -0.109568600240E-02 -0.532355328324E-04  0.330977112089E-07
 -0.266641691923E-06 -0.147899110120E-03  0.543871905368E-05
 -0.110395725196E-03 -0.553784515185E-03  0.181943023974E-03
 -0.133697378719E-04 -0.137788407141E-05  0.448956501065E-04
  0.224488660848E-04  0.808019749457E-06  0.249276894995E-03
 -0.177131565431E-04 -0.520080647647E-06  0.123586458571E-03
 -0.425358176690E-04 -0.516959276379E-04 -0.139381422357E-04
 -0.121312132341E-05 -0.141140203937E-05  0.102831300118E-04
 -0.976538341217E-05  0.104360633496E-03 -0.140951192035E-06
  0.225992335766E-04  0.512516780663E-05  0.283785772056E-05
 -0.156395931145E-04 -0.167934930957E-05 -0.139365598878E-04
  0.944636286330E-05  0.160763313313E-04 -0.372849260935E-04
 -0.195861945533E-04  0.376824299225E-05  0.189138549400E-04
  0.909099669729E-05 -0.115411619193E-04 -0.116615710980E-04
  0.300102363779E-04 -0.746576779293E-05  0.127017231967E-03
  0.150292463871E-04  0.628324042408E-05  0.414943678767E-05
 -0.123045375712E-05 -0.291730499304E-05 -0.208613078755E-04
  0.557934562355E-05  0.366010937988E-05 -0.469664190713E-04
  0.136743100839E-04 -0.168916915716E-04  0.299671480580E-04
  0.973307784868E-05 -0.800114447781E-05  0.363366883450E-05
 -0.117147134428E-04  0.427599364055E-05 -0.103485053336E-04
  0.108377409956E-03  0.637535067195E-06  0.304148941735E-04
  0.188868412876E-05 -0.322441963465E-05 -0.217442348576E-04
  0.591193072609E-05  0.103891229580E-04  0.121283450465E-04
  0.324599771739E-04  0.259949094508E-04 -0.215941589488E-04
  0.104782773631E-04  0.852110602267E-05  0.121651898299E-04
  0.700377421773E-05  0.194562962662E-04  0.195002075056E-03
 -0.357665297201E-03  0.632495978289E-03 -0.201944389204E-04
  0.677951552728E-04  0.189932158135E-03  0.541557813298E-06
  0.423660339390E-04  0.576730888925E-03 -0.106970400380E-05
 -0.972190701897E-05 -0.194733263474E-03  0.992811842423E-06
  0.877164546903E-05 -0.319443833207E-03  0.111351364451E-04
 -0.958067690428E-04 -0.834587675142E-06 -0.241504253171E-06
  
  -1.03935173512     -0.104238034376      0.270236253126E-01
  0.144713330964E-01  0.146281043611E-02 -0.283781342440E-03
 -0.106400631084E-03  0.438404861903E-04  0.380034964291E-03
 -0.129899221336E-04 -0.106195575703E-04 -0.563498146374E-03
  0.623788328277E-04  0.732274990965E-07 -0.205272748205E-05
  0.441888862005E-06 -0.124085540226E-06 -0.730230955522E-02
 -0.992134171882E-02 -0.992869789826E-02 -0.255609262730E-03
  0.152582158881E-04 -0.277484166696E-05 -0.249593501576E-02
 -0.221188126044E-02 -0.220817263242E-02 -0.361980521051E-05
 -0.818212802546E-06  0.521290074315E-05 -0.144850724237E-03
 -0.385809571757E-04 -0.379394430793E-04  0.286512962634E-04
 -0.858572242601E-06 -0.255927451881E-05  0.121361854601E-04
  0.426646236452E-04  0.924940194411E-04  0.129099789726E-03
  0.384796294956E-05  0.949623292631E-04  0.104715940137E-04
  0.418273396571E-07 -0.146200384387E-03 -0.125218956381E-04
 -0.284133582904E-06 -0.163714032768E-03 -0.331253663801E-04
  0.143881761251E-05 -0.389009779192E-05  0.114422163750E-05
  0.688188142046E-07 -0.914509505999E-04 -0.240578407118E-04
 -0.544198928217E-04 -0.135525623717E-04  0.144959274193E-05
  0.151386821573E-05  0.193817090811E-03  0.611825315523E-05
  0.406161053859E-04  0.158997047063E-06 -0.133744582317E-05
 -0.644355148236E-06  0.405318879194E-04  0.230769710706E-04
  0.243014853021E-04  0.178999255057E-04 -0.613433560924E-06
  0.339883389729E-06 -0.375662517655E-03 -0.241274435161E-04
  0.663188488977E-03  0.239195836919E-04 -0.413392967859E-04
  0.568455094251E-05 -0.332588040158E-06  0.205598262657E-03
 -0.191940509734E-04  0.702076300012E-06 -0.543411158271E-03
  0.456678721535E-04 -0.111428225920E-05 -0.494987542189E-03
 -0.370472148717E-04 -0.356025481619E-04  0.635418360301E-04
 -0.606581544698E-06  0.256649495793E-05 -0.500664128409E-03
  0.114604397000E-04 -0.131913943117E-03  0.733880245020E-05
 -0.303231194066E-04 -0.168869794433E-04  0.927718552465E-04
 -0.832514678536E-04 -0.565341298929E-04  0.216007923855E-03
  0.114925767808E-06 -0.148681659319E-04  0.648020620270E-04
  0.150509401327E-04  0.106321536447E-04 -0.113258496145E-03
 -0.338841425503E-04  0.136038595033E-03  0.654169746148E-04
 -0.531646691724E-03  0.754903477382E-05 -0.114152329443E-03
  0.106061019986E-04 -0.269216933894E-04  0.958360491611E-04
 -0.250206466924E-04 -0.545159455770E-04  0.225211914801E-03
 -0.620642340365E-04  0.356622678365E-05  0.582103513754E-04
 -0.156028288829E-04  0.220922240597E-04 -0.126692904791E-03
 -0.148891731435E-05  0.968450702802E-04 -0.265583845648E-04
  0.739622341056E-04 -0.489252811198E-03  0.112509137901E-04
 -0.128721468312E-03  0.712596102761E-05 -0.311002175686E-04
 -0.619976340685E-04 -0.696256881012E-04 -0.923250018990E-04
 -0.157136462065E-03 -0.155959760089E-03  0.421156553295E-06
 -0.458300597894E-04 -0.475538961463E-04  0.116706312847E-04
 -0.466334027166E-04 -0.485140339155E-04 -0.106444315659E-03
 -0.107866096629E-03 -0.138705844121E-03 -0.159017330007E-06
  0.293206553568E-04 -0.477315795191E-05 -0.137350588422E-05
  0.946875312952E-05  0.288499843606E-06  0.722645259163E-07
 -0.111274995163E-04 -0.287558587370E-04  0.411812412191E-08
 -0.247453168660E-05 -0.204348505080E-06 -0.389437013347E-06
  0.170299394115E-05  0.152430901531E-04  0.143005268492E-04
 -0.558691913788E-05  0.682456111588E-06  0.481917930097E-06
  
 -0.218934288223E-02  0.532316693089E-01 -0.347443957198E-02
 -0.568653967713E-02  0.135530120270E-02  0.450178839621E-01
 -0.236138817192E-02 -0.611477271346E-04 -0.271781883567E-02
  0.873215993841E-03 -0.914527501208E-05 -0.368557278547E-02
  0.500809157429E-03  0.109385150801E-03 -0.128574834945E-03
  0.183200189652E-04 -0.259948908664E-04  0.162584154884E-02
  0.624944963719E-05 -0.131185030528E-03 -0.607229650409E-03
  0.111476583749E-04  0.315445540673E-04 -0.149814555806E-02
 -0.910422415443E-03 -0.981574760618E-03  0.873276461344E-03
 -0.560037937925E-04 -0.284819243496E-03 -0.781952085726E-03
 -0.594521719274E-03 -0.448207912421E-03  0.694362315327E-04
 -0.913986028815E-05 -0.275168689094E-04 -0.121284921157E-01
  0.840901274764     -0.378184012107E-02 -0.576498832577E-02
  0.189312286057E-04 -0.447737325996E-01  0.283201563802    
 -0.161382092197E-04 -0.755120380416E-03 -0.485285006644E-03
 -0.143516259483E-04 -0.181902988184E-02 -0.132003808292E-01
  0.227511462192E-04 -0.238669559814E-04 -0.199950236160E-02
  0.686706475897E-05 -0.669612388046E-02  0.459250393282E-01
 -0.214827617612E-02  0.140095280453E-01 -0.837584699064E-04
 -0.612562995125E-04 -0.472583276676E-02 -0.169177901562E-02
 -0.699641502601E-02  0.166725930563E-03  0.343999307481E-04
 -0.438042949735E-05 -0.120522698309E-02 -0.194134320565E-02
 -0.141856719949E-02 -0.127359271730E-03 -0.238829858223E-04
  0.220499249289E-05  0.222209033931     -0.256030866651E-02
 -0.124052103742E-01 -0.960266234675E-02  0.758226000670E-02
  0.568990259960E-03 -0.208910165788E-05  0.872161166439E-02
  0.233259560300E-02 -0.503578292295E-04 -0.330605304983E-02
  0.564082394283E-03 -0.390237909607E-04  0.916018534690E-02
 -0.481034226381E-03 -0.107811190284E-02  0.963403035397E-03
  0.303735063286E-04  0.221428641318E-04  0.183081689770E-01
 -0.540720230692E-03 -0.934514547388E-03 -0.724755751893E-03
  0.320551699916E-03  0.140995239472E-03 -0.480008096026E-03
  0.646628001256E-03  0.125933810506E-03 -0.653751800915E-03
  0.177646359645E-03  0.595224532384E-05 -0.226487973743E-03
  0.519182880054E-04 -0.109158739809E-03  0.178810108189E-03
  0.732297419005E-04 -0.617021661440E-03 -0.137523718559E-03
  0.200353080973E-01 -0.598830539872E-03 -0.104975015475E-02
 -0.915969459016E-03  0.277428435004E-03 -0.631768009741E-03
  0.150704435669E-03  0.562468367465E-03 -0.561719860693E-03
  0.185971592583E-03  0.139767454483E-03 -0.133281935952E-03
  0.813842307933E-04  0.213332195348E-03  0.167174160394E-03
 -0.138326833808E-04 -0.117720119381E-03  0.690909439268E-04
 -0.168068361884E-03  0.182216089136E-01 -0.331206149821E-03
 -0.727541401090E-03 -0.794141898824E-03  0.201907030688E-03
  0.319535871591E-03  0.272091095960E-03  0.893908688721E-03
  0.550403373864E-03  0.641860746699E-03  0.170707278435E-03
  0.976765819215E-04  0.244649129285E-03  0.210924626596E-03
  0.100434309320E-03  0.172002370263E-03  0.428943865017E-03
  0.625039143822E-03  0.335585617745E-03  0.522402488120    
 -0.817862223566E-02 -0.336406773325E-01 -0.182369443075E-01
 -0.445508506212E-02 -0.291712406997E-01  0.229279203885E-04
 -0.436306099108E-02 -0.234024015888E-01  0.207052719999E-04
 -0.850963496408E-03 -0.419383455772E-02  0.156118136798E-05
 -0.234224391312E-02  0.591147889802E-02 -0.314935849248E-02
  0.314159361408E-02 -0.418807422075E-05 -0.170844773586E-04
  
 -0.249585774220E-01  0.727305523048     -0.193327078693E-01
 -0.189791283453E-01  0.172866199912E-02 -0.435816934156E-01
  0.197380888113E-02 -0.181122710655E-02  0.748012766207E-04
  0.115067478258E-03  0.156647031979E-03  0.866898693358E-02
 -0.669395354464E-03 -0.308431797477E-03  0.779613280007E-03
 -0.663391767000E-04  0.240936107268E-04  0.112368467779E-02
  0.175600873717E-01  0.175533572171E-01  0.142556394534E-02
 -0.100868976764E-03  0.214937304063E-04 -0.639089640931E-02
 -0.411306136337E-02 -0.416862972493E-02  0.248188525986E-03
 -0.105242014836E-04 -0.894159680940E-04 -0.172895138476E-02
 -0.294640166924E-02 -0.330696646408E-02 -0.401769489944E-03
  0.933699996280E-04  0.610773793515E-04  0.855506783166E-03
 -0.106143548769     -0.197444223836E-02 -0.292525334338E-02
  0.619783576796E-03 -0.120107733789     -0.825125753634E-01
  0.146114704417E-03  0.813613619236E-03  0.182869791615E-03
  0.131047903919E-04  0.444710167971E-02  0.305887744067E-02
 -0.331189984515E-04  0.441923417896E-03  0.362163783600E-03
 -0.458152352676E-05  0.873903335611E-02 -0.110503976042E-01
 -0.818884486312E-03 -0.561387894720E-02  0.848455777882E-06
  0.862156062016E-06  0.631125217851E-03 -0.800178580766E-03
 -0.166510152950E-04 -0.725982266680E-03 -0.136096749178E-04
  0.686676847855E-05 -0.306361372375E-03 -0.298945815755E-03
 -0.401084865249E-03 -0.130391028582E-03  0.221485998949E-04
 -0.990948051600E-05  0.315618063713     -0.190844138288E-02
 -0.242019514341E-01 -0.141145051428E-01 -0.821598886333E-02
  0.471543424912E-03 -0.260158223264E-04 -0.120401449069E-01
  0.151621962647E-02 -0.467750091107E-04  0.484781929992E-02
  0.230547800307E-03  0.239640938844E-04  0.928712858002E-02
  0.485993844287E-03  0.154703351784E-03 -0.130496414211E-02
 -0.700072063057E-05 -0.261247333130E-05  0.414788012491    
 -0.570454936539E-02 -0.193517430899E-01 -0.149878469636E-01
  0.308874613092E-02  0.241951570433E-02 -0.102278706918E-01
  0.513736668836E-02  0.402320292993E-02 -0.165947267765E-01
  0.833882836110E-03  0.958407773739E-03 -0.364102295490E-02
 -0.138660492139E-03 -0.274692114166E-03  0.559982124216E-02
  0.967250483726E-03 -0.389367385018E-02 -0.302293770600E-02
  0.416829656535     -0.589308666416E-02 -0.201571240994E-01
 -0.149754798802E-01  0.224413750646E-02 -0.104433443076E-01
  0.284456941868E-02  0.337511384430E-02 -0.167222439518E-01
  0.452637580700E-02  0.606730363337E-03 -0.347759695599E-02
  0.912923856184E-03 -0.695042981784E-03  0.569714160787E-02
 -0.285599737219E-03 -0.268016204650E-02  0.725844456729E-03
 -0.349197301595E-02  0.415697075472     -0.578846991549E-02
 -0.201310997213E-01 -0.149931218590E-01  0.340298017680E-02
  0.726933089953E-02  0.750968673292E-02  0.561395576508E-02
  0.118871453271E-01  0.121253700472E-01  0.909417123659E-03
  0.260238011956E-02  0.248080843516E-02 -0.807006644879E-04
  0.248444134770E-02  0.260588062378E-02  0.316838733367E-02
  0.315810175132E-02  0.658225035469E-02 -0.108000396333    
  0.485427072940E-03  0.631454891358E-02  0.380510403018E-02
 -0.490144462912E-03  0.568325343997E-02  0.706182806444E-06
 -0.119215028866E-02  0.475903100298E-02 -0.108478834097E-04
 -0.313524510136E-03  0.781561163045E-03  0.985044638602E-05
  0.106101731265E-02 -0.136571342573E-02  0.331485058864E-03
  0.656264334715E-03 -0.798846431765E-05 -0.160484414664E-04
  
  0.285382055709E-02 -0.916092532019E-01  0.164913801187E-02
 -0.792683348036E-03 -0.129132101857E-02  0.490827871739    
 -0.206619335799      0.354846121637E-02 -0.346265911786E-02
  0.911162637277E-03 -0.404101141701E-04 -0.970094026130E-02
  0.389598124452E-02 -0.498388393157E-03 -0.266648851047E-02
  0.104410877145E-02 -0.538932458483E-04  0.925153870655E-02
 -0.114841455304E-01 -0.759703932443E-02 -0.523209211986E-03
  0.225998744357E-03  0.366573058429E-02  0.383331571265E-02
 -0.860430110178E-03 -0.533399722790E-03 -0.199056599059E-02
  0.102761215676E-03  0.652620620026E-03  0.416242386564E-03
 -0.895241234980E-04 -0.158997398575E-03 -0.124006131074E-03
 -0.384988151603E-04  0.173312609652E-03  0.399417316633E-03
  0.118226359430      0.347954170965E-02  0.166758245915E-01
  0.611186614650E-02 -0.645695958458     -0.901318698118    
  0.196938537081E-02 -0.379790294651E-02  0.271521338429E-02
  0.421131776745E-04  0.586936302016E-02  0.172074412330E-01
 -0.652771009093E-04  0.151415172994E-02  0.277976943656E-02
 -0.627172840844E-05  0.268023610247E-01 -0.465928083700E-01
  0.111804148818E-01 -0.224617427959E-01 -0.335511692880E-04
  0.123405053358E-03  0.942539753222E-02 -0.225545084624E-02
  0.158612176061E-02  0.312985888616E-03 -0.664190219798E-04
  0.836194379795E-05  0.149355190827E-02  0.739159660085E-03
  0.695586778172E-03  0.448003947546E-03  0.280105579830E-04
 -0.548114713210E-06  0.565710036523      0.846295796000E-03
 -0.218849677157E-01 -0.158233474899E-01  0.434529522475E-02
 -0.336083469785E-02 -0.228092026906E-04  0.541308826533E-02
 -0.472000901603E-02 -0.258364920052E-04 -0.155134824287E-02
 -0.883645903364E-03  0.120479510848E-03  0.917197496247E-02
 -0.118843303557E-02 -0.927818112185E-03 -0.414607754411E-02
 -0.734407038275E-04  0.582103978509E-04 -0.133610635361    
  0.474387691617E-03  0.657161229568E-02  0.414532326848E-02
  0.214573731280E-02 -0.204002940509E-02  0.306375499095E-02
  0.326487892296E-02 -0.306553288189E-02  0.505572879474E-02
  0.121398915418E-02 -0.597650311482E-03  0.612458818474E-03
  0.129236359956E-02 -0.482807754017E-03 -0.205541016516E-02
 -0.331263084817E-05 -0.137814088818E-02  0.197946872140E-02
 -0.270198092343      0.136635663047E-02  0.115659821448E-01
  0.793752684777E-02  0.132861434576E-02  0.563453096892E-02
 -0.185378756096E-02  0.253125491666E-02  0.803183092428E-02
 -0.269939768697E-02  0.657097514626E-03  0.108199285587E-02
 -0.498099786152E-03  0.936410764828E-03 -0.285354004769E-02
 -0.741383642771E-04 -0.155591481169E-02  0.274665650877E-03
  0.202106286344E-02 -0.859493477979E-01  0.207410661212E-04
  0.376907694717E-02  0.265049098184E-02  0.277390390447E-02
 -0.247159933754E-02 -0.111902493830E-02  0.351550249156E-02
 -0.436428780056E-02 -0.261024860297E-02  0.120522976733E-02
 -0.774440168797E-03 -0.382295713902E-03  0.123547557068E-02
 -0.161582484003E-02 -0.930641363264E-03  0.779029032459E-03
  0.111615996683E-02 -0.202481682017E-02 -0.607537540471    
 -0.156442994373E-02  0.202880718176E-01  0.173807261670E-01
 -0.280524667571E-02  0.210736281924E-01 -0.368817740852E-05
 -0.481150057404E-02  0.202416810896E-01  0.135991149868E-04
 -0.939573359384E-03  0.383163341782E-02  0.124271200511E-04
  0.367413122212E-02 -0.578417533353E-02  0.312850498181E-02
  0.308993982209E-02 -0.279259360236E-04  0.624999644849E-06
  
 -0.469220063449E-03  0.154769869412E-01 -0.849187507191E-03
  0.428846510905E-02  0.559995635551E-03 -0.180586695215    
 -0.790137838464      0.865587244181      0.126839602145E-02
  0.649279386567E-02 -0.645267097141E-02  0.418138838919E-02
  0.144892921110E-01 -0.160261182564E-01  0.862892694965E-03
  0.399531085575E-02 -0.426143150527E-02 -0.786517149036E-03
 -0.189040035566E-01  0.216380261687E-01  0.151518310326E-01
 -0.191109393442E-01  0.113628571447E-02 -0.718687854025E-03
 -0.133733788807E-02  0.116047660585E-02  0.954270778595E-03
 -0.121106234326E-02 -0.434849039942E-03  0.440440199400E-04
 -0.378561207749E-03  0.675767469620E-03  0.297027289056E-03
 -0.300776418231E-03  0.276274176526E-03 -0.785102179197E-04
  0.297224647877E-01 -0.425824674857E-03  0.822040138970E-03
  0.132780171461E-02  0.148578563647     -0.376500877746E-02
  0.587575661262E-01  0.948770195784E-03 -0.366715104545E-03
  0.241947279375E-03 -0.751744881684E-03 -0.650080732126E-03
 -0.852058569408E-04 -0.273565594678E-03 -0.914036805062E-04
 -0.457823980955E-04 -0.290131687313E-02  0.287346169871E-02
  0.152144275312E-02  0.594034256074E-02 -0.177630391036E-02
  0.190157993615E-02 -0.150039215200E-02 -0.171267503192E-03
 -0.211963020607E-03  0.242262347132E-02 -0.139741035356E-02
  0.325955194480E-03 -0.488486385361E-03 -0.362949504877E-03
 -0.120864290495E-03  0.652479077398E-04 -0.371652831113E-03
  0.158079420418E-03 -0.108749312498      0.173704374952E-03
  0.174813278546E-02  0.239270537370E-02 -0.683549907222E-03
 -0.396798861389E-02  0.429830911195E-02 -0.122591053865E-02
 -0.633796243788E-02  0.680247231514E-02  0.183717659258E-02
 -0.223486134391E-02  0.183155766021E-02 -0.113432736434E-02
 -0.620705660131E-03  0.100691393022E-02  0.252536581927E-02
 -0.269810823861E-02  0.660311792132E-03  0.731459651035    
 -0.211491610010E-02 -0.290806992221E-01 -0.198297893559E-01
  0.454086462520E-02 -0.381106130959E-03 -0.140127312262E-01
  0.707017676002E-02 -0.495454740881E-03 -0.186664752228E-01
  0.829025819594E-03 -0.961636827152E-03 -0.243890915478E-02
 -0.162392973131E-03 -0.136127313578E-02  0.605745486048E-02
  0.649529890793E-03 -0.549470816964E-02 -0.488295037313E-03
 -0.639502429313      0.206036911079E-02  0.229599901856E-01
  0.167144515115E-01 -0.467097458332E-02  0.122286009495E-01
  0.884008794620E-03 -0.725068304742E-02  0.164169933950E-01
  0.111649096719E-02 -0.202081543260E-02  0.259684937448E-02
  0.886398471618E-03  0.224282918894E-03 -0.521580388495E-02
  0.176639134130E-02  0.533368240487E-02 -0.111490008302E-02
  0.162294100774E-03  0.735706006625E-02  0.117724761352E-03
 -0.134268573115E-02 -0.577259787580E-04 -0.104337873014E-02
 -0.509977377908E-02  0.561282252923E-02 -0.172995378407E-02
 -0.632506237031E-02  0.772192146419E-02 -0.583113671429E-03
 -0.222289021743E-02  0.212815293075E-02 -0.448870487315E-03
 -0.275309716602E-02  0.330236771295E-02 -0.154211704447E-02
  0.498997613457E-03  0.583206872978E-03  0.195050224948E-01
  0.492796450643E-03 -0.863252810771E-03 -0.563832657328E-03
  0.176932045024E-02 -0.165048549257E-02  0.891351638638E-03
  0.262152223885E-02 -0.163993394327E-02  0.759009279524E-03
  0.115926955551E-02 -0.659767754592E-03  0.411924405634E-03
 -0.830166233947E-03  0.790869148082E-03  0.174120167817E-03
 -0.109934600310E-02 -0.397759914424E-03 -0.523615351886E-03
  
  0.431952132220E-03 -0.136967478071E-01  0.911530072862E-03
 -0.211846588356E-02 -0.387361754285E-03  0.179268252325    
  0.834364932853      0.824605531962     -0.116660215785E-02
 -0.630396894540E-02 -0.563536791745E-02 -0.428298922377E-02
 -0.154208410654E-01 -0.155380997242E-01 -0.851783182713E-03
 -0.401873042939E-02 -0.388609217393E-02  0.802145795943E-03
 -0.461021241781E-03 -0.222828796031E-02 -0.185791547442E-01
 -0.205934032331E-01 -0.375132256538E-01  0.792154215927E-03
 -0.510009955822E-04  0.233936331497E-03 -0.150752076345E-02
 -0.159266583208E-02 -0.320209090229E-02 -0.482259400077E-05
  0.214868165459E-03 -0.717215093248E-04 -0.994323118137E-04
 -0.733675265919E-04 -0.410039748951E-03  0.841764430401E-04
 -0.292142273223E-01  0.394056844788E-03 -0.799118949764E-03
 -0.152965853906E-02 -0.151242818916      0.203626352868E-02
  0.558725313531E-01 -0.921810764144E-03  0.298821054904E-03
  0.172818409335E-03  0.607963259459E-03  0.752551937262E-03
  0.272680339011E-04  0.301034465147E-03  0.475051423227E-04
 -0.622007039047E-04  0.292895538822E-02 -0.313507432701E-02
 -0.136401140351E-02 -0.603325685487E-02 -0.156000746039E-02
  0.162301602164E-02  0.156718589538E-02  0.144124353761E-03
  0.189469445355E-03 -0.251715254898E-02 -0.143451401405E-02
  0.287867326555E-03  0.504095243620E-03  0.369883729549E-03
  0.152818330763E-03 -0.180804443398E-03 -0.376049703394E-03
  0.122498792781E-03  0.110540697745     -0.646599432673E-04
 -0.220308715297E-02 -0.234608460777E-02  0.756940455150E-03
  0.414914914599E-02  0.405752930897E-02  0.126693362473E-02
  0.683096819732E-02  0.662665148698E-02 -0.178795273751E-02
  0.207162002335E-02  0.157383013579E-02  0.110122916043E-02
  0.237300065837E-03 -0.493251850662E-03 -0.297847787844E-02
 -0.281701475121E-02 -0.316281334210E-03  0.357001004734    
 -0.106258402644E-02 -0.134893087800E-01 -0.994464977220E-02
  0.387007220133E-02  0.774211405498E-02 -0.448133371424E-02
  0.614358393631E-02  0.100572654247E-01 -0.528237692399E-02
  0.110222407745E-02  0.261448926408E-02 -0.341239063862E-03
  0.664855575852E-03  0.100372606747E-02  0.787653884474E-03
  0.182894128876E-02 -0.353959078205E-02 -0.571045037300E-02
  0.367757710003     -0.114939729511E-02 -0.136985466244E-01
 -0.975599483424E-02  0.317549845087E-02 -0.461756696014E-02
  0.811299068633E-02  0.490677659846E-02 -0.599781081917E-02
  0.106395623619E-01  0.127859832622E-02 -0.392536679922E-03
  0.278052216748E-02  0.961184406612E-04  0.980064903611E-03
  0.929194636107E-03 -0.322376952651E-02  0.152538812172E-02
 -0.642192153331E-02 -0.825223679517      0.250796056410E-02
  0.310588631024E-01  0.226926111910E-01 -0.576404100673E-02
 -0.103871360592E-01 -0.108578336119E-01 -0.909848230243E-02
 -0.136148225790E-01 -0.142803606343E-01 -0.122161571104E-02
 -0.182997728500E-02 -0.210543743020E-02 -0.172250393758E-03
 -0.231036303914E-02 -0.262039841762E-02 -0.457010389760E-02
 -0.491520082125E-02 -0.717805529955E-02 -0.219049342115E-01
 -0.655513633004E-03  0.131766745127E-02  0.666447543634E-03
 -0.185448484585E-02  0.169896481127E-02  0.853313109043E-03
 -0.247830844432E-02  0.168699898518E-02  0.641506495707E-03
 -0.115883165113E-02  0.493778784769E-03  0.336234813813E-03
  0.690457039186E-03 -0.862560741114E-03 -0.339175358776E-03
  0.117936481568E-02 -0.223259439960E-03 -0.486698430969E-03
  
  0.892060070925E-03 -0.187940626606E-01  0.257763798365E-02
 -0.249656250100E-02  0.335667845518E-02  0.578569937770    
 -0.260889516309      0.715783263281E-02 -0.197439426222E-02
  0.274004794982E-02  0.188617278760E-03 -0.898889980803E-02
  0.496373578945E-02  0.626922473191E-04 -0.195680993619E-02
  0.147517334021E-02  0.361532188652E-04  0.901580666908E-02
 -0.101707294327E-01 -0.500629942429E-02  0.281357018370E-02
  0.279082575871E-03  0.543855793901E-02  0.455649157365E-02
 -0.499014931033E-03  0.970778113746E-04  0.169162740779E-02
 -0.746121591502E-04 -0.732806675135E-04  0.602292222284E-03
 -0.200638125424E-04 -0.963388782315E-04 -0.115389893310E-03
  0.116044307105E-03  0.829278598781E-04 -0.273621659404E-03
 -0.340114094223     -0.563692972140E-02 -0.274198229177E-01
 -0.139875002251E-01 -0.544947127279      0.963292144866    
  0.137216204991E-02 -0.307961977979E-02 -0.322355970412E-02
 -0.160830810432E-04  0.581234823529E-03 -0.122934062960E-01
  0.266206713894E-04 -0.422692878925E-03 -0.143966949711E-02
  0.883738473130E-06 -0.188220962241E-02  0.239968862688E-01
 -0.221811973555E-01 -0.124573416843E-01 -0.123533440519E-03
  0.246274094535E-04  0.180216622855E-02 -0.674359780335E-03
 -0.231483946713E-02 -0.860343089006E-02  0.154888669507E-04
  0.309423699926E-04  0.111055303689E-02 -0.351057526635E-04
 -0.635239566703E-03 -0.115415805112E-02 -0.262182502735E-04
  0.418147313764E-05  0.480157905397      0.508901121682E-03
 -0.173945603589E-01 -0.166748561803E-01 -0.673845273927E-02
  0.358229480416E-02  0.435842920782E-04 -0.392534850716E-02
  0.761725095522E-02 -0.268544981785E-04 -0.424995128299E-02
  0.342646029395E-02 -0.811818982023E-04  0.572671586692E-02
  0.324862768728E-03 -0.103016644140E-02  0.603629384459E-02
  0.944943252992E-04  0.178626713014E-03 -0.969768966226E-01
  0.262253886342E-03  0.316449596891E-02  0.221383668805E-02
  0.322316163403E-02 -0.228594989630E-02  0.209976685950E-02
  0.475460003473E-02 -0.300324260208E-02  0.397394364153E-02
  0.143700288350E-02 -0.104689019589E-02  0.593602036448E-03
  0.156143655945E-02 -0.279032646552E-03 -0.161040210487E-02
  0.168354298925E-03 -0.232300170923E-02  0.223801092472E-02
 -0.282489090908      0.280325506854E-03  0.905865569893E-02
  0.693820805784E-02  0.318473889252E-02  0.525990023654E-02
 -0.189825618214E-02  0.326850490151E-02  0.855046409854E-02
 -0.274341442580E-02  0.197343558071E-02  0.121463583747E-02
 -0.632537126855E-03  0.161799646273E-02 -0.317073775328E-02
 -0.891435355419E-04 -0.117120399264E-02  0.297282363762E-03
  0.212755728182E-02 -0.340278733326E-01  0.287968500087E-03
  0.154708436252E-02  0.899824667829E-03  0.334807628420E-02
 -0.213648384337E-02 -0.328954714281E-03  0.583344196285E-02
 -0.306648523386E-02 -0.864499374662E-03  0.161939590194E-02
 -0.798316314638E-03  0.723633787018E-04  0.168981073754E-02
 -0.134437244262E-02 -0.240030484990E-03  0.195471004899E-02
  0.254382877359E-02 -0.156312041487E-02  0.444698274094    
  0.347282673267E-02 -0.107540867061E-01 -0.109909849088E-01
 -0.934458836640E-02 -0.956711511394E-02  0.224359857844E-04
 -0.122322628267E-01 -0.123295858128E-01  0.641444864428E-04
 -0.386963455579E-02 -0.122919135945E-02  0.119428563891E-04
 -0.173346121033E-04  0.324846026323E-02 -0.256287734794E-02
  0.815261373572E-02 -0.431824522679E-04 -0.290703073283E-04
  
 -0.318390745188E-05 -0.526245618111E-04 -0.117298122204E-03
  0.451698009563E-03 -0.669425327780E-04 -0.821314698092E-03
  0.919127145322E-03 -0.102904390477      0.186033497136E-04
  0.537726594625E-03  0.298587147144E-02  0.117041694895E-03
  0.801137155805E-03  0.531122386223E-02 -0.235191720979E-04
  0.423504263973E-03  0.210278898304E-02 -0.358136687639E-04
  0.173944406153E-02 -0.166241788636E-02  0.218602498999E-03
  0.551211000294E-02  0.364217907526E-02 -0.450012129660E-04
 -0.278049996790E-03  0.206942355239E-03 -0.235073591313E-03
  0.388336977641E-02 -0.176836607799E-02 -0.109469022010E-04
 -0.128764437861E-03  0.149777490297E-03  0.919175881378E-04
  0.317983791291E-03 -0.486956291264E-04  0.428276696120E-05
  0.811103033888E-04  0.998968872452E-04 -0.212747557484E-04
 -0.290457857700E-03  0.233073338504E-02  0.481156488008E-03
   1.58458492259      0.285886384235E-04 -0.668679052007E-05
  0.966851200915E-02  0.193437452744E-04  0.570548185119E-04
 -0.260841524083E-03  0.768973849880E-04 -0.147843485173E-04
  0.511126060939E-02 -0.416851094381E-04  0.846578783421E-05
 -0.127014143793E-04  0.234515882343E-04 -0.549031220596E-02
  0.477231764847E-01  0.296018751651E-04  0.504040371267E-04
  0.239178523669E-04  0.419148932733E-04 -0.538281532953E-02
  0.864426289955E-02  0.197279108064E-05  0.337910349251E-04
  0.440139051880E-04 -0.373559955734E-04 -0.210809751214E-02
  0.260090328562E-02 -0.141104449669E-03  0.197997816559E-04
 -0.386962134079E-04  0.426758852261E-03  0.503112079815E-04
 -0.137702239416E-05  0.610109450437E-02  0.391529776117E-04
  0.110513263966E-04  0.117496417629E-01  0.131046505147E-03
 -0.210876568618E-03  0.342704542179E-02  0.506436068164E-04
  0.136061848653E-03 -0.141940695571E-03  0.115009477191E-03
  0.968468232658E-02  0.106652029063E-02 -0.769784234137E-01
 -0.370261195353E-03 -0.342653750205E-02 -0.293189768692E-04
  0.951384970067E-03 -0.582797873310E-03  0.645062806178E-03
 -0.183777961824E-02 -0.496502315200E-03  0.309614086820E-02
 -0.447189101826E-04 -0.951973855921E-03  0.122317233384E-02
  0.465298008991E-03  0.502964642244E-03 -0.451869087695E-03
 -0.546167967288E-03  0.201015048291E-02  0.511841943168E-03
  0.218312679092E-01  0.163417250187E-03 -0.225273337862E-03
 -0.908823354409E-03 -0.388120350292E-03 -0.570828690864E-03
 -0.885180496986E-03  0.429328760443E-03 -0.578946045078E-03
  0.164117582222E-03 -0.438687181771E-03 -0.261722174014E-03
 -0.124220907875E-02 -0.438086451955E-04  0.261187242620E-03
 -0.765431056032E-04 -0.222484824857E-03  0.111748352521E-03
  0.476721282975E-03  0.557856076863E-01  0.291625734007E-03
  0.317299835849E-02  0.768859356573E-03 -0.625368556859E-03
  0.894297585957E-03 -0.201689277215E-03  0.142418129228E-02
  0.181949091605E-02  0.179766226443E-02  0.323010470303E-03
  0.149220081489E-02  0.438815917923E-03 -0.395994011827E-03
  0.130069810624E-03 -0.261588630473E-03  0.131808379017E-02
  0.128137755040E-02  0.106389615943E-02 -0.174346404575E-03
 -0.234098626034E-04  0.606734693810E-04 -0.594661772544E-04
  0.574835335804E-04  0.164145448737E-04  0.190256356087E-01
 -0.110109463799E-04  0.383539954550E-04  0.229993204962E-01
  0.552407029001E-04  0.158953366132E-04  0.769185489705E-02
 -0.473448356769E-05 -0.392375999793E-04 -0.475066010445E-05
 -0.495560319306E-04 -0.239333770819E-02 -0.163420292194E-01
