           7
   0.0000000000000000        0.0000000000000000        0.0000000000000000     
          20           1
   5.1730465500000003E-002  -2.0136588852515112     
  0.10346093100000001        3.1713674887437113     
  0.20692186200000001       -4.5132020932806904     
  0.41384372400000002        3.7745676623701057     
  0.82768744800000005       -4.9061193406254162     
   1.6553748960000001        3.0313786450874249     
   3.3107497920000002       -3.2502317190010581     
   6.6214995840000004        1.6019555081641008     
   13.242999168000001       -2.5365250508335722     
   26.485998336000002        1.7118252969290080     
   52.971996672000003       -2.2411288848003270     
   105.94399334400001        1.3855432295124150     
   211.88798668800001       -1.5113856525297698     
   423.77597337600002        1.0259041105537032     
   847.55194675200005      -0.97216741487682579     
   1695.1038935040001       0.64025337794354042     
   3390.2077870080002      -0.49534589273178165     
   6780.4155740160004       0.21656769567221656     
   13560.831148032001       -7.0968983845759545E-002
   27121.662296064002       -3.8271697190306812E-002
  
   4.7346139999999997      -0.22047400000000000       -5.1000000000000004E-004
          21           1
   7.0294657999999996E-002  -1.7251152445656996     
  0.14058931599999999        2.5852741706526174     
  0.28117863199999998       -3.8706175361855015     
  0.56235726399999997        3.0923875772768272     
   1.1247145279999999       -4.6992942370764412     
   2.2494290559999999        1.9730604426981622     
   4.4988581119999997       -3.3913749439601579     
   8.9977162239999995        1.8931339684501403     
   17.995432447999999       -3.1935109154924528     
   35.990864895999998        1.7353303488204181     
   71.981729791999996       -2.2032448805066127     
   143.96345958399999        1.1116914495608601     
   287.92691916799998       -1.4050920539141356     
   575.85383833599997       0.87038529917021212     
   1151.7076766719999      -0.94984023256737615     
   2303.4153533439999       0.66402617951649234     
   4606.8307066879997      -0.66513093559977232     
   9213.6614133759995       0.49124839264697895     
   18427.322826751999      -0.44031565789941279     
   36854.645653503998       0.26590061882140847     
   73709.291307007996      -0.13116131086503491     
  
   2.3072800000000000      -0.23808699999999999        4.5160000000000000E-003
          12           1
   4.9919669900000005E-002  -1.3281356014049923     
   9.9839339800000010E-002   1.8539870183083973     
  0.19967867960000002       -2.2551580083650498     
  0.39935735920000004        2.1016236410366260     
  0.79871471840000008       -2.1050034920666350     
   1.5974294368000002        1.6531163396957893     
   3.1948588736000003       -1.4996051906328740     
   6.3897177472000006        1.1274046036933227     
   12.779435494400001      -0.85906469915847938     
   25.558870988800003       0.51200182967910612     
   51.117741977600005      -0.23682380912106038     
   102.23548395520001        4.0663027836288078E-002
  
 -0.59345000000000003      -0.45584000000000002        1.9079999999999999     
          12           1
   4.9919669900000005E-002  -1.3281356014049923     
   9.9839339800000010E-002   1.8539870183083973     
  0.19967867960000002       -2.2551580083650498     
  0.39935735920000004        2.1016236410366260     
  0.79871471840000008       -2.1050034920666350     
   1.5974294368000002        1.6531163396957893     
   3.1948588736000003       -1.4996051906328740     
   6.3897177472000006        1.1274046036933227     
   12.779435494400001      -0.85906469915847938     
   25.558870988800003       0.51200182967910612     
   51.117741977600005      -0.23682380912106038     
   102.23548395520001        4.0663027836288078E-002
  
 -0.41419000000000000        1.9374610000000001      -0.52627000000000002     
          12           1
   4.9919669900000005E-002  -1.3281356014049923     
   9.9839339800000010E-002   1.8539870183083973     
  0.19967867960000002       -2.2551580083650498     
  0.39935735920000004        2.1016236410366260     
  0.79871471840000008       -2.1050034920666350     
   1.5974294368000002        1.6531163396957893     
   3.1948588736000003       -1.4996051906328740     
   6.3897177472000006        1.1274046036933227     
   12.779435494400001      -0.85906469915847938     
   25.558870988800003       0.51200182967910612     
   51.117741977600005      -0.23682380912106038     
   102.23548395520001        4.0663027836288078E-002
  
 -0.64483100000000004       -1.3569929999999999       -1.3948259999999999     
          12           1
   4.9919669900000005E-002  -1.3281356014049923     
   9.9839339800000010E-002   1.8539870183083973     
  0.19967867960000002       -2.2551580083650498     
  0.39935735920000004        2.1016236410366260     
  0.79871471840000008       -2.1050034920666350     
   1.5974294368000002        1.6531163396957893     
   3.1948588736000003       -1.4996051906328740     
   6.3897177472000006        1.1274046036933227     
   12.779435494400001      -0.85906469915847938     
   25.558870988800003       0.51200182967910612     
   51.117741977600005      -0.23682380912106038     
   102.23548395520001        4.0663027836288078E-002
  
   4.9664460000000004        1.5909979999999999       -1.8900000000000000E-003
          12           1
   4.9919669900000005E-002  -1.3281356014049923     
   9.9839339800000010E-002   1.8539870183083973     
  0.19967867960000002       -2.2551580083650498     
  0.39935735920000004        2.1016236410366260     
  0.79871471840000008       -2.1050034920666350     
   1.5974294368000002        1.6531163396957893     
   3.1948588736000003       -1.4996051906328740     
   6.3897177472000006        1.1274046036933227     
   12.779435494400001      -0.85906469915847938     
   25.558870988800003       0.51200182967910612     
   51.117741977600005      -0.23682380912106038     
   102.23548395520001        4.0663027836288078E-002
  
 TO USE THE STARTING POTENTIAL FEATURE, RENAME
 STRTS/STRTSP TO STPOTUP/STPOTDN AND RERUN
