  IT          TRACE                ETOT                 EKIN+ENONLOC          CHARGE              EDFT+SIC              LOWEST
   1        -65.926102020       -116.033631143        116.048911943         18.999998899       -116.033631143       -116.033631143
   2        -62.956021542       -116.044410862        113.518423693         18.999999267       -116.044410862       -116.044410862
   3        -63.555061431       -116.137257233        114.614962328         18.999999221       -116.137257233       -116.137257233
   4        -64.095318353       -116.162381042        115.535154815         18.999999187       -116.162381042       -116.162381042
   5        -64.283719452       -116.164092252        115.773873651         18.999999189       -116.164092252       -116.164092252
   6        -64.267872907       -116.164104866        115.755524368         18.999999189       -116.164104866       -116.164104866
   7        -64.242419114       -116.164158659        115.738966164         18.999999189       -116.164158659       -116.164158659
   8        -64.241026461       -116.164163870        115.738301486         18.999999189       -116.164163870       -116.164163870
   9        -64.238243037       -116.164166798        115.735107754         18.999999189       -116.164166798       -116.164166798
  10        -64.237367139       -116.164167198        115.734515756         18.999999189       -116.164167198       -116.164167198
  11        -64.237741457       -116.164167209        115.735008225         18.999999189       -116.164167209       -116.164167209
